0 0.8168619431150612 0.038898580338300855 0.10309035173076923 0.10664519146634616
0 0.7652825857980943 0.4459533634612205 0.07465163401442308 0.12797422973557693
0 0.7501424713655692 0.3606543010199589 0.04799033615384615 0.14219358860576922
0 0.746617540029037 0.039810789807547785 0.07287421415865385 0.1261968098798077
0 0.6118905220105918 0.5190634739425388 0.1832964228125 0.0599879201923077
0 0.5902161993462811 0.5248615853740407 0.17329843610576923 0.031660291201923076
0 0.556873554395658 0.8614925156839985 0.15996778718750002 0.058321589086538464
0 0.38847797743218976 0.5807537758176543 0.07998389358173076 0.08998188028846155
0 0.41604654450108636 0.8940039977513636 0.14163814490384616 0.07331856913461539
0 0.3698130759898819 0.3091133976061506 0.07998389358173076 0.1457484283173077
0 0.19860034783711603 0.8540440955973501 0.14996980048076922 0.09997986699519232
0 0.16444656853824743 0.9439498695487589 0.15496879382211537 0.036659284567307694
0 0.8168619431150612 0.038898580338300855 0.10309035173076923 0.10664519146634616
0 0.7652825857980943 0.4459533634612205 0.07465163401442308 0.12797422973557693
0 0.7501424713655692 0.3606543010199589 0.04799033615384615 0.14219358860576922
0 0.746617540029037 0.039810789807547785 0.07287421415865385 0.1261968098798077
0 0.6118905220105918 0.5190634739425388 0.1832964228125 0.0599879201923077
0 0.5902161993462811 0.5248615853740407 0.17329843610576923 0.031660291201923076
0 0.556873554395658 0.8614925156839985 0.15996778718750002 0.058321589086538464
0 0.38847797743218976 0.5807537758176543 0.07998389358173076 0.08998188028846155
0 0.41604654450108636 0.8940039977513636 0.14163814490384616 0.07331856913461539
0 0.3698130759898819 0.3091133976061506 0.07998389358173076 0.1457484283173077
0 0.19860034783711603 0.8540440955973501 0.14996980048076922 0.09997986699519232
0 0.16444656853824743 0.9439498695487589 0.15496879382211537 0.036659284567307694
