0 0.6487732285415991 0.014440618392658977 0.07461867661057692 0.0702293426923077
0 0.618047891281984 0.2954107456032153 0.07461867661057692 0.114122681875
0 0.5237246927185997 0.2734851785066682 0.114122681875 0.13168001754807693
0 0.33048848757633376 0.35031434909771997 0.026336003509615385 0.1448480193028846
0 0.24497561072389845 0.26905363962283874 0.09217601228365384 0.09656534620192307
0 0.21862905581063347 0.4753206799311205 0.08339734444711538 0.0702293426923077
0 0.060613034897172076 0.29978952818994975 0.08339734444711538 0.10534401403846154
0 0.6487732285415991 0.014440618392658977 0.07461867661057692 0.0702293426923077
0 0.618047891281984 0.2954107456032153 0.07461867661057692 0.114122681875
0 0.5237246927185997 0.2734851785066682 0.114122681875 0.13168001754807693
0 0.33048848757633376 0.35031434909771997 0.026336003509615385 0.1448480193028846
0 0.24497561072389845 0.26905363962283874 0.09217601228365384 0.09656534620192307
0 0.21862905581063347 0.4753206799311205 0.08339734444711538 0.0702293426923077
0 0.060613034897172076 0.29978952818994975 0.08339734444711538 0.10534401403846154
