0 0.8045682044795909 0.7555226737282152 0.05267200701923077 0.114122681875
0 0.7979894792919919 0.46361614111793287 0.0570613409375 0.1009546801201923
0 0.7475807225262922 0.6018010249415217 0.114122681875 0.03511467134615385
0 0.6268054564554534 0.724712926008633 0.0570613409375 0.04389333918269231
0 0.6598045954684033 0.3494407028496846 0.12290134971153846 0.0570613409375
0 0.6202372825753517 0.9024651227252741 0.0702293426923077 0.030725337427884615
0 0.5806910720569061 0.810320764388146 0.03511467134615385 0.0570613409375
0 0.5499657347972912 0.8959180514601635 0.03511467134615385 0.06145067485576923
0 0.5653653330033344 0.4481532353085042 0.06584000877403846 0.01755733567548077
0 0.5478818563384974 0.650062595404658 0.1272906836298077 0.01755733567548077
0 0.49070445109065847 0.2726431861811206 0.030725337427884615 0.0702293426923077
0 0.34153040557024883 0.5952750560510182 0.08339734444711538 0.08339734444711538
0 0.26911167172880446 0.2002033497246845 0.08778667836538462 0.0570613409375
0 0.23839688553630062 0.7049345452170598 0.09656534620192307 0.021946669593750003
0 0.13526336526196708 0.8454248844748811 0.10973334795673077 0.048282673100961536
0 0.12208481227177949 0.8937181088593 0.1009546801201923 0.0570613409375
0 0.03650862781475362 0.9221907472209576 0.114122681875 0.008778667836538462
0 0.010183175516480358 0.7268812146882137 0.12290134971153846 0.021946669593750003
