0 0.6640379942946504 0.0073589546686911155 0.09707082314903846 0.09504851435096154
0 0.5345810624247065 0.058978873292633474 0.07280311735576923 0.13751699947115384
0 0.5349141453758613 0.6161661452686124 0.15330246271634615 0.049989933485576926
0 0.2974158971358692 0.4845740544234234 0.11497684704326924 0.08998188028846155
0 0.26011626554340794 0.8731680930544449 0.053031052115384614 0.08272844129807691
0 0.22672582445641878 0.7156543952547154 0.06894036774038462 0.07318285192307693
0 0.006579030375514413 0.5929456609901128 0.06332058242788462 0.13997181377403847
0 0.6640379942946504 0.0073589546686911155 0.09707082314903846 0.09504851435096154
0 0.5345810624247065 0.058978873292633474 0.07280311735576923 0.13751699947115384
0 0.5349141453758613 0.6161661452686124 0.15330246271634615 0.049989933485576926
0 0.2974158971358692 0.4845740544234234 0.11497684704326924 0.08998188028846155
0 0.26011626554340794 0.8731680930544449 0.053031052115384614 0.08272844129807691
0 0.22672582445641878 0.7156543952547154 0.06894036774038462 0.07318285192307693
0 0.006579030375514413 0.5929456609901128 0.06332058242788462 0.13997181377403847
