0 0.8480057923114483 0.3096608608386881 0.12325870312500001 0.060088617788461536
0 0.8025189608066469 0.2750258317814751 0.09398476112980769 0.08628109218749999
0 0.6746047230443906 0.14098199211801374 0.0662515529326923 0.08628109218749999
0 0.5082091773443567 0.2480278055651347 0.06933302050480769 0.05700715019230769
0 0.44809092993975924 0.17875034030513262 0.044681279879807696 0.1032291638701923
0 0.381081973132714 0.17560590994597164 0.05546641641826923 0.050844215048076916
0 0.3959267323486043 0.8385252369350383 0.08880539403846154 0.06862234995192308
0 0.32715999474037294 0.28039432616939003 0.05854788399038462 0.0662515529326923
0 0.2959745738945483 0.7921381972015413 0.05045761026442308 0.09687861168269231
0 0.2528998806276 0.39430270244961185 0.03902434216346154 0.07982251807692307
0 0.24053847600874836 0.17165458848803272 0.08514401927884616 0.053215012043269234
0 0.19973603691325334 0.4465689693266342 0.08159635182692308 0.028381339759615383
0 0.14914979650936747 0.4270994385029701 0.05498884579326923 0.06385801447115384
0 0.4470132193434497 0.7290960855250614 0.04874029375 0.07232430685096154
0 0.43286281068960325 0.6882095705488973 0.04874029375 0.0660352366826923
0 0.28902111742389724 0.3706304249303984 0.0660352366826923 0.08175791209134615
0 0.2583411135742186 0.7243452675494347 0.04874029375 0.0440234911298077
0 0.26546734222035034 0.8053302742114112 0.09119151733173078 0.05502936389423077
0 0.17423425037432966 0.583621653495805 0.05660163144230769 0.039306688509615384
0 0.15621175577547183 0.4586585097315897 0.1053419251923077 0.0660352366826923
0 0.13737478104064632 0.46729653254686343 0.1304982058173077 0.058173898990384616
0 0.06264104999066754 0.3894787380969744 0.08804698223557693 0.0660352366826923
0 0.05161249858383959 0.7621023655908782 0.06917977175480769 0.06289070161057692
