0 0.9468335075863018 0.22990031552084272 0.03407548180288462 0.08625356334134615
0 0.6870207576200479 0.3257196896635192 0.0447240698798077 0.07134554004807693
0 0.6017408157417831 0.8121232444578635 0.14924743716346153 0.05596778894230769
0 0.4461341801865582 0.3007686124281736 0.10659542521634614 0.07042912024038461
0 0.8062986294197546 0.6310092898640901 0.09380238723557693 0.09614744692307692
0 0.6327247529587823 0.7728769448412076 0.06097155170673077 0.08911226788461539
0 0.36889144594145856 0.8772292822334098 0.04924625329326923 0.08676720819711538
0 0.3477802716994501 0.0471458010944145 0.044556133942307695 0.1430486405528846
0 0.19770772644551451 0.6802499060066972 0.05393637266826923 0.09145732757211539
0 0.1941873184050251 0.7821839005362714 0.05159131298076923 0.028140716177884613
0 0.08746737272261582 0.7072378226025682 0.035175895216346155 0.10787274533653846
0 0.10752721613084756 0.8466814974822312 0.14070358086538462 0.035175895216346155
