0 0.7436759575702374 0.5916362991215272 0.0482045484375 0.10021471911057692
0 0.632105359348997 0.0803899826888696 0.09894617836538461 0.07991806713942308
0 0.6207342330898956 0.2724991962589827 0.13700240079326922 0.017759570473557692
0 0.5959443244166048 0.27381347769580366 0.09260347461538461 0.05581579290865384
0 0.516815561025044 0.3202168999211497 0.13180907283653848 0.023844857396634615
0 0.46365830377398065 0.7674273759798272 0.04204527995192308 0.09390112521634617
0 0.4193551197705946 0.3931398745906239 0.05365092913461538 0.07683342939903846
0 0.3305994655827017 0.6255535466739955 0.0697938848076923 0.04880324276442308
0 0.31794513042376427 0.4444148495567041 0.07848452257211538 0.1233328211778846
0 0.31305163924024587 0.38052994403522555 0.08829508788461539 0.026628677307692306
0 0.1168302258436286 0.6406396321704825 0.07988603189903845 0.13454489584134616
