0 0.8697616474650401 0.8802842021509515 0.05463463091346154 0.03890647959134615
0 0.8040731029504612 0.5352040642296715 0.06953498478365384 0.04552885908653846
0 0.8024473564999192 0.27612137525598635 0.0943689079326923 0.06042921298076923
0 0.5487204770262806 0.2819358563001569 0.08857432586538462 0.07698516173076923
0 0.4894981371100106 0.29689590713702496 0.05960141552884615 0.1266530080048077
0 0.4348396273041099 0.44752519254192286 0.039734277019230775 0.1018190848798077
0 0.3488024211883145 0.4839025119383609 0.08443533867788461 0.06374040271634615
0 0.28500431128276416 0.09484965566342694 0.036423087259615385 0.07367397197115386
0 0.1777488580700755 0.8004524917054306 0.07615736430288461 0.08112414891826923
0 0.11147332556192796 0.6228869566185223 0.03311189752403847 0.07864075661057691
0 0.8697616474650401 0.8802842021509515 0.05463463091346154 0.03890647959134615
0 0.8040731029504612 0.5352040642296715 0.06953498478365384 0.04552885908653846
0 0.8024473564999192 0.27612137525598635 0.0943689079326923 0.06042921298076923
0 0.5487204770262806 0.2819358563001569 0.08857432586538462 0.07698516173076923
0 0.4894981371100106 0.29689590713702496 0.05960141552884615 0.1266530080048077
0 0.4348396273041099 0.44752519254192286 0.039734277019230775 0.1018190848798077
0 0.3488024211883145 0.4839025119383609 0.08443533867788461 0.06374040271634615
0 0.28500431128276416 0.09484965566342694 0.036423087259615385 0.07367397197115386
0 0.1777488580700755 0.8004524917054306 0.07615736430288461 0.08112414891826923
0 0.11147332556192796 0.6228869566185223 0.03311189752403847 0.07864075661057691
