0 0.7915905557928071 0.8446436902605513 0.09307053961538461 0.13780211677884616
0 0.7388656840446445 0.16324966262706858 0.13929094514423077 0.038367565721153844
0 0.6808831814835083 0.4466869067357098 0.07203093427884616 0.10861357411057693
0 0.6647926834202225 0.08360628735386239 0.098838185625 0.04754241841346153
0 0.5864822683503607 0.3267090265410907 0.0928328275 0.0496276121875
0 0.2749472584159466 0.07808918547539498 0.05920282206730769 0.06515813552884615
0 0.2321847056656228 0.044860860489726026 0.03888469379807692 0.10789626745192307
0 0.2522179845921262 0.22663065180502276 0.08641043064903846 0.09341668177884616
0 0.12542596156553334 0.6149078856773816 0.11612861252403846 0.08784087358173077
0 0.08442412943084904 0.5588179470112855 0.06699727646634615 0.07890790338942308
0 0.015664237672140723 0.6926162561730597 0.04565740322115385 0.12208392598557692
0 0.022400351029637996 0.564754173001774 0.07593024665865385 0.06302706747596154
