0 0.7898802310233682 0.5421970324656757 0.051382131442307695 0.10587833144230768
0 0.7787338811829408 0.3002639997990248 0.047224474206730774 0.11893571278846153
0 0.755734020012048 0.6269973865367569 0.14169012002403847 0.05761026858173077
0 0.6624701014543267 0.15942095781995438 0.08745273 0.08220556620192307
0 0.6563925573877533 0.1173679671281263 0.12418287661057693 0.01923960060096154
0 0.6116690483293562 0.4721230038753641 0.10899240002403847 0.09965019430288462
0 0.5776514647271694 0.010747112219946049 0.09619800300480769 0.0787074569951923
0 0.583792075678364 0.17250733386681197 0.11193949439903846 0.0559697471875
0 0.5199410717805222 0.2705006404788335 0.10319422139423076 0.09444894838942308
0 0.47704508725337474 0.1926614040559991 0.06646407480769231 0.08920178459134614
0 0.48055160536441976 0.07373410030409237 0.07346029319711539 0.09619800300480769
0 0.42084813368646545 0.5624871355082749 0.03892585713942308 0.14636122288461537
0 0.3983208123173135 0.15333500452451798 0.05247163800480769 0.11193949439903846
0 0.3939418691637101 0.09388817049327977 0.047224474206730774 0.12943004040865386
0 0.30480735591513736 0.2608282844632086 0.10319422139423076 0.05072258338942308
0 0.28648642939664026 0.06495939603197837 0.1399243680048077 0.07171123860576924
0 0.24262946543098782 0.5686741009598338 0.09030798858173077 0.11210646858173078
0 0.21459536256182934 0.4448430893887526 0.0840798514423077 0.07318061144230768
0 0.20606355353556077 0.07640603331586299 0.16790924158653844 0.13642625879807693
0 0.09926611146828193 0.242515766921141 0.08045651161057693 0.09444894838942308
