0 0.8041946892005478 0.5275875177007441 0.06145067485576923 0.05267200701923077
0 0.8261941152091807 0.07330728396487265 0.10534401403846154 0.06584000877403846
0 0.7690378125763335 0.9292168468400696 0.026336003509615385 0.0570613409375
0 0.733986449027078 0.20274515368210294 0.07900801052884615 0.026336003509615385
0 0.7340181029495654 0.6461417385557275 0.10534401403846154 0.08778667836538462
0 0.6505574506334368 0.7602116639894023 0.05267200701923077 0.04389333918269231
0 0.606632457528257 0.3300674912584365 0.026336003509615385 0.05267200701923077
0 0.5978854436622831 0.6460784309511369 0.05267200701923077 0.03511467134615385
0 0.591380577386771 0.3827500495370861 0.11851201579326923 0.06145067485576923
0 0.5058043929297451 0.22907060598158116 0.13168001754807693 0.01755733567548077
0 0.41355452175804375 0.8106837283596928 0.0702293426923077 0.039504005264423075
0 0.4179544069597705 0.06233922488304373 0.07900801052884615 0.0702293426923077
0 0.39382889726236026 0.8590297092815911 0.09217601228365384 0.09217601228365384
0 0.3389147424603598 0.9116595110227613 0.05267200701923077 0.0570613409375
0 0.2862532867967014 0.4046650653261373 0.06145067485576923 0.03511467134615385
0 0.28630604309379615 0.3871288321238213 0.10534401403846154 0.05267200701923077
0 0.2797062152912064 0.057928788373821156 0.09217601228365384 0.05267200701923077
0 0.2533280066958381 0.7141922411179329 0.0570613409375 0.1009546801201923
0 0.2489808777912064 0.19182985113775303 0.09217601228365384 0.07461867661057692
0 0.2226132205033341 0.40251787926275345 0.06584000877403846 0.07461867661057692
0 0.22489757332377963 0.6043744830618126 0.1404586853846154 0.030725337427884615
0 0.21390841162695873 0.48592577480101795 0.1272906836298077 0.08339734444711538
0 0.15242608294485588 0.4375903454270006 0.1009546801201923 0.039504005264423075
0 0.09746972315325687 0.3784134721803347 0.026336003509615385 0.10534401403846154
0 0.1459001140543524 0.5824067107352818 0.14923735322115383 0.013168001754807692
0 0.08873326035439406 0.1720936753345737 0.06145067485576923 0.08778667836538462
0 0.09095430557024901 0.2861636007682483 0.08339734444711538 0.04389333918269231
0 0.06018676308065041 0.6966876618381044 0.048282673100961536 0.1448480193028846
0 0.03605070207574423 0.4245595102609849 0.05267200701923077 0.15362668713942307
0 0.014125134979197412 0.7888109178006254 0.0702293426923077 0.1009546801201923
0 0.8041946892005478 0.5275875177007441 0.06145067485576923 0.05267200701923077
0 0.8261941152091807 0.07330728396487265 0.10534401403846154 0.06584000877403846
0 0.7690378125763335 0.9292168468400696 0.026336003509615385 0.0570613409375
0 0.733986449027078 0.20274515368210294 0.07900801052884615 0.026336003509615385
0 0.7340181029495654 0.6461417385557275 0.10534401403846154 0.08778667836538462
0 0.6505574506334368 0.7602116639894023 0.05267200701923077 0.04389333918269231
0 0.606632457528257 0.3300674912584365 0.026336003509615385 0.05267200701923077
0 0.5978854436622831 0.6460784309511369 0.05267200701923077 0.03511467134615385
0 0.591380577386771 0.3827500495370861 0.11851201579326923 0.06145067485576923
0 0.5058043929297451 0.22907060598158116 0.13168001754807693 0.01755733567548077
0 0.41355452175804375 0.8106837283596928 0.0702293426923077 0.039504005264423075
0 0.4179544069597705 0.06233922488304373 0.07900801052884615 0.0702293426923077
0 0.39382889726236026 0.8590297092815911 0.09217601228365384 0.09217601228365384
0 0.3389147424603598 0.9116595110227613 0.05267200701923077 0.0570613409375
0 0.2862532867967014 0.4046650653261373 0.06145067485576923 0.03511467134615385
0 0.28630604309379615 0.3871288321238213 0.10534401403846154 0.05267200701923077
0 0.2797062152912064 0.057928788373821156 0.09217601228365384 0.05267200701923077
0 0.2533280066958381 0.7141922411179329 0.0570613409375 0.1009546801201923
0 0.2489808777912064 0.19182985113775303 0.09217601228365384 0.07461867661057692
0 0.2226132205033341 0.40251787926275345 0.06584000877403846 0.07461867661057692
0 0.22489757332377963 0.6043744830618126 0.1404586853846154 0.030725337427884615
0 0.21390841162695873 0.48592577480101795 0.1272906836298077 0.08339734444711538
0 0.15242608294485588 0.4375903454270006 0.1009546801201923 0.039504005264423075
0 0.09746972315325687 0.3784134721803347 0.026336003509615385 0.10534401403846154
0 0.1459001140543524 0.5824067107352818 0.14923735322115383 0.013168001754807692
0 0.08873326035439406 0.1720936753345737 0.06145067485576923 0.08778667836538462
0 0.09095430557024901 0.2861636007682483 0.08339734444711538 0.04389333918269231
0 0.06018676308065041 0.6966876618381044 0.048282673100961536 0.1448480193028846
0 0.03605070207574423 0.4245595102609849 0.05267200701923077 0.15362668713942307
0 0.014125134979197412 0.7888109178006254 0.0702293426923077 0.1009546801201923
