0 0.8983208123173134 0.653335004524518 0.05247163800480769 0.11193949439903846
0 0.89394186916371 0.5938881704932798 0.047224474206730774 0.12943004040865386
0 0.8957497861214001 0.22214048985504686 0.09619800300480769 0.06821312939903847
0 0.8537304313593866 0.35154950802090074 0.061216911009615384 0.05072258338942308
0 0.8537346356011929 0.30517643656585136 0.0647150201923077 0.03148298278846154
0 0.8196091508519208 0.2554271852511903 0.048973528798076926 0.11368854899038462
0 0.8048073559151374 0.7608282844632086 0.10319422139423076 0.05072258338942308
0 0.7864864293966403 0.5649593960319783 0.1399243680048077 0.07171123860576924
0 0.7060635535355608 0.5764060333158629 0.16790924158653844 0.13642625879807693
0 0.6324855354855654 0.39530950861417674 0.06996218399038462 0.0787074569951923
0 0.5887255349043374 0.38745347854471973 0.04197731040865385 0.09095083920673078
0 0.5992661114682819 0.742515766921141 0.08045651161057693 0.09444894838942308
0 0.598397890919962 0.45561194996345145 0.08570367540865384 0.045475419591346156
0 0.5363169637961411 0.3866146891915911 0.09444894838942308 0.12068476740384616
0 0.46104454908702963 0.2589252943858058 0.04197731040865385 0.11368854899038462
0 0.41207942921730534 0.7137215349771749 0.048973528798076926 0.14866964100961538
0 0.4261895907769162 0.07260683269519712 0.14692058639423078 0.07695840240384613
0 0.35439426298365834 0.4809879573939938 0.07695840240384613 0.05771880180288461
0 0.3193963531918281 0.7276929495372596 0.06296596560096154 0.131179095
0 0.323859385436766 0.5334553908805243 0.13817531338942307 0.05422069259615384
0 0.3247402194557542 0.1696268074488026 0.1434224771875 0.03323203740384616
0 0.24596969561202736 0.16535718008748604 0.09095083920673078 0.11893571278846153
0 0.20394613611539059 0.7163009701495183 0.05247163800480769 0.11193949439903846
0 0.16026602013125796 0.25711737742811575 0.09095083920673078 0.0647150201923077
0 0.1611888988161059 0.18887061242381087 0.131179095 0.03673014661057693
0 0.044798985330297664 0.6350014647636891 0.06646407480769231 0.13817531338942307
