0 0.8376366317883808 0.6775684560448063 0.04784802793269231 0.06728628927884615
0 0.8039845018912957 0.6902834798941093 0.04037177355769231 0.07177204189903846
0 0.7561292850000865 0.6514105515668915 0.034390770072115384 0.07476254365384614
0 0.6761567260834348 0.6431740915835626 0.05382903141826923 0.06429578752403846
0 0.17455549702038636 0.8988767713956176 0.05265216096153846 0.06240256115384615
0 0.9204728293283095 0.35132346573505124 0.06240256115384615 0.0858035215625
0 0.8162068306756193 0.34054411715233773 0.1150547221153846 0.0409516807451923
0 0.7937504413961952 0.5160888219607236 0.08970368163461538 0.07215296132211538
0 0.7527987611077337 0.08411093635912657 0.08970368163461538 0.04290176079326923
0 0.6308742249050018 0.6096645374650114 0.05265216096153846 0.048752000889423074
0 0.6074732657703863 0.5356083729226092 0.05265216096153846 0.08775360161057691
0 0.48361740144300114 0.32599586375231127 0.031201280576923077 0.10530432192307693
0 0.12874502301830065 0.09974907817469494 0.06630272122596154 0.07410304134615385
