0 0.8801284722967998 0.7645134603302399 0.0707766809375 0.05339293475961538
0 0.850012864017399 0.07603769892962381 0.06705159247596154 0.09064381944711539
0 0.7658655622597598 0.5031140328514471 0.04842615012019231 0.034767492403846155
0 0.6218377624844559 0.8360109816313218 0.05587632706730769 0.13658657725961537
0 0.5383351892827174 0.226872441190106 0.05711802322115385 0.06456820016826924
0 0.550486498567227 0.42311865344986593 0.0943689079326923 0.11299435028846154
0 0.542413981143965 0.8215956652067103 0.09312721177884614 0.023592226983173075
0 0.4976562074613129 0.43111057993265195 0.045942757812500006 0.04718445396634615
0 0.47963221170404374 0.7707488047422802 0.029800707764423076 0.07574346557692307
0 0.4976950105022651 0.5856972742974819 0.07822685788461539 0.043459365504807695
0 0.33811168303271744 0.8619791465191903 0.05711802322115385 0.04718445396634615
