0 0.6820916521712915 0.7072757752335371 0.04471197651442308 0.06796220430288462
0 0.5631069442553277 0.00040923577708954493 0.1065963204326923 0.05610332653846154
0 0.4827041819643064 0.1304633331809068 0.06796220430288462 0.04471197651442308
0 0.40759236073609145 0.42019264190912176 0.07153916242788462 0.04113501838942308
0 0.37446465544502927 0.8253325900682437 0.03755806026442308 0.08227003677884613
0 0.3637810726437687 0.24493029224115317 0.07690459961538462 0.048288934639423076
0 0.32533092236619926 0.5588406116232608 0.07869307867788462 0.07511612055288462
0 0.20901529490006127 0.26462075899893683 0.025038706850961538 0.06259676711538462
0 0.18579516191550707 0.38982719074698363 0.05007741370192308 0.0733276414903846
0 0.1571880951681825 0.3021874177444296 0.057231329927884614 0.06975068336538462
