0 0.8920130212480354 0.7712324796087107 0.08778667836538462 0.08339734444711538
0 0.8876131360463089 0.37611856805359856 0.07900801052884615 0.021946669593750003
0 0.8283940578100442 0.8326303980712313 0.10973334795673077 0.039504005264423075
0 0.7713432680117709 0.2532594232823767 0.11851201579326923 0.0570613409375
0 0.7120397793155397 0.15664132083143628 0.07900801052884615 0.013168001754807692
0 0.62863188353689 0.8875234502582401 0.0702293426923077 0.06145067485576923
0 0.5562025983879495 0.4354009541336331 0.06584000877403846 0.04389333918269231
0 0.47942618433437734 0.3235204199933257 0.09656534620192307 0.08339734444711538
0 0.29063206938343666 0.7448964760029413 0.05267200701923077 0.08339734444711538
0 0.19188788300333412 0.7120134011320614 0.06584000877403846 0.114122681875
0 0.1919089856183257 0.6022061941430518 0.08339734444711538 0.05267200701923077
0 0.13257384324119664 0.43324321652236863 0.01755733567548077 0.07461867661057692
0 0.10192236465207795 0.5517446810802573 0.07900801052884615 0.06584000877403846
