0 0.8461076944523737 0.15741901163672442 0.086939284375 0.051574151754807694
0 0.82989513296875 0.7755879986736663 0.08399219000000001 0.06483607649038461
0 0.79305291113654 0.6452091807076612 0.08104509560096154 0.08988637877403846
0 0.7834801175112969 0.8427114810636442 0.08629225939903845 0.048222144951923084
0 0.7355810284990696 0.5891400016906955 0.07809800122596154 0.027997396658653844
0 0.7075730050817943 0.1927806020641295 0.06925671805288461 0.04862705735576923
0 0.6935654513606866 0.2384818181174013 0.061888982091346155 0.06630962367788461
0 0.6728932844104223 0.14562709172759106 0.026523849471153847 0.04862705735576923
0 0.6028980216974564 0.1316372488140832 0.025050302283653847 0.05599479331730769
0 0.3731750117615398 0.7348149695407267 0.08502325560096155 0.09173561788461539
0 0.2579192334190379 0.7370739376329628 0.06264871463942308 0.109635250625
0 0.055402745232814514 0.7482692759409958 0.04027417370192307 0.11634761290865384
