0 0.5999900624933839 0.2785397396957342 0.031612964495192304 0.10259301685096153
0 0.428821674643526 0.09164297788369088 0.04952164341346154 0.10227295923076923
0 0.43195916371668736 0.30196625223930407 0.09159558228365385 0.049656213100961535
0 0.33625228051815576 0.5743964339504264 0.060490891105769225 0.07026719675480769
0 0.32373299865748667 0.6412523521859398 0.06599006302884615 0.028106878701923077
0 0.28991639690259247 0.776125187846853 0.05534087295673077 0.035962838581730765
0 0.17951245184238027 0.1397259356905279 0.037592222860576924 0.11001253451923078
0 0.1433707350132154 0.48673780191487154 0.023044148995192307 0.05617011317307692
0 0.030065421254305072 0.41028480383144755 0.054132473581730775 0.06702115776442308
0 0.015979809356711075 0.16029754177263425 0.03757767478365385 0.06476802483173077
