0 0.7625540489158131 0.6717201598151467 0.10973334795673077 0.09656534620192307
0 0.6571783810510183 0.8472302089413254 0.08339734444711538 0.04389333918269231
0 0.5298876973971718 0.8406936887433258 0.08339734444711538 0.08339734444711538
0 0.5343086852138902 0.7265288017825733 0.10973334795673077 0.048282673100961536
0 0.2950108519701714 0.9109230315317874 0.04389333918269231 0.08339734444711538
0 0.7625540489158131 0.6717201598151467 0.10973334795673077 0.09656534620192307
0 0.6571783810510183 0.8472302089413254 0.08339734444711538 0.04389333918269231
0 0.5298876973971718 0.8406936887433258 0.08339734444711538 0.08339734444711538
0 0.5343086852138902 0.7265288017825733 0.10973334795673077 0.048282673100961536
0 0.2950108519701714 0.9109230315317874 0.04389333918269231 0.08339734444711538
