0 0.7496989960403856 0.5066079300735888 0.04916521560096154 0.09833043122596154
0 0.5192887540375948 0.5404311754892636 0.09218477927884615 0.11676738706730769
0 0.4947061463452869 0.8446335605109616 0.09218477927884615 0.1106217351201923
0 0.47931985644641056 0.7585944333475001 0.07374782341346155 0.1106217351201923
0 0.4148717637799036 0.6356813941648078 0.1413499948798077 0.1106217351201923
0 0.7496989960403856 0.5066079300735888 0.04916521560096154 0.09833043122596154
0 0.5192887540375948 0.5404311754892636 0.09218477927884615 0.11676738706730769
0 0.4947061463452869 0.8446335605109616 0.09218477927884615 0.1106217351201923
0 0.47931985644641056 0.7585944333475001 0.07374782341346155 0.1106217351201923
0 0.4148717637799036 0.6356813941648078 0.1413499948798077 0.1106217351201923
