0 0.7365493558398728 0.5799282143824542 0.06584000877403846 0.09656534620192307
0 0.6970559018589069 0.8651927139601632 0.07461867661057692 0.06145067485576923
0 0.6707726545502322 0.4679316161000774 0.11851201579326923 0.039504005264423075
0 0.5434292145992917 0.4569530057107526 0.07461867661057692 0.03511467134615385
0 0.45785303014226614 0.30121078606985596 0.08778667836538462 0.1009546801201923
0 0.457863581449762 0.7005768650037271 0.09656534620192307 0.048282673100961536
0 0.39201302124803533 0.3955656385557275 0.08778667836538462 0.08778667836538462
0 0.33929880928728295 0.8674243104835141 0.05267200701923077 0.09217601228365384
0 0.35473006117542866 0.6259687396285307 0.10973334795673077 0.0570613409375
0 0.35473006117542866 0.909064950527864 0.10973334795673077 0.04389333918269231
0 0.3328044943192664 0.19360352192209457 0.1272906836298077 0.04389333918269231
0 0.258143612406591 0.8454354355419924 0.09217601228365384 0.0570613409375
0 0.2296393201224461 0.6588623658069064 0.114122681875 0.03511467134615385
