0 0.9483008456858474 0.22477467886903668 0.046604350625000006 0.11418065903846154
0 0.9110565756683388 0.4682291967739634 0.0792273960576923 0.0699065259375
0 0.7001578853466508 0.4822329079280986 0.06757630841346154 0.08854826617788461
0 0.5533597822397373 0.5195443957950604 0.07223674346153847 0.11185044149038462
0 0.5347684553113443 0.4926656727200732 0.11418065903846154 0.04427413310096154
0 0.4922072859769383 0.7880837359230248 0.0769428828125 0.053860017956730774
0 0.4037198880529421 0.8727024111314834 0.07437812004807692 0.03847144139423077
0 0.3921692077424938 0.8624865171394808 0.06668383175480769 0.07437812004807692
0 0.32616637372717494 0.31914008664235877 0.07456696100961538 0.1071900064423077
0 0.31102276063525675 0.5742905040310651 0.07689717853365384 0.10019935384615386
0 0.32739029814802706 0.2550226950102567 0.12350152915865385 0.07689717853365384
0 0.2643623949974866 0.6675272128114889 0.030292827908653844 0.12350152915865385
0 0.2714146640187281 0.49387279249526195 0.08155761358173078 0.0792273960576923
