0 0.8123888557597246 0.3602346331626466 0.037307362091346156 0.06583652132211538
0 0.583386191210735 0.8142751431396197 0.06413659733173077 0.08846427216346155
0 0.5666835825418651 0.18025509822620991 0.10753298483173078 0.04389101420673077
0 0.5655994938802754 0.317422430608589 0.11850573838942308 0.05047466634615384
0 0.5015195247140232 0.8242140828222946 0.03317410206730769 0.07740623814903845
0 0.4448517274826649 0.5687116753604614 0.07900382557692308 0.061447419903846154
0 0.39762932280640373 0.005827882001057397 0.04608556492788462 0.0768092748798077
0 0.31755196080687725 0.5456768060601481 0.06583652132211538 0.06803107204326923
0 0.10360700505735143 0.35253524190666585 0.08558747771634614 0.05047466634615384
0 0.05092196193925686 0.5983565738279804 0.07242017346153846 0.0768092748798077
