0 0.8444538429772155 0.9124076502257358 0.08883026704326923 0.0491738978125
0 0.8333500617272154 0.6927094583570348 0.08883026704326923 0.04758764305288461
0 0.7872991023474192 0.9259117879931063 0.04758764305288461 0.06662270026442307
0 0.7175534631695234 0.80456901795023 0.08883026704326923 0.07138146459134616
0 0.37572509200828047 0.7411226401491715 0.09676154088942307 0.07455397411057693
0 0.30433981498959845 0.5071023978905094 0.09358903134615384 0.03489760490384615
0 0.2860845389398517 0.7030830307937604 0.08248524795673078 0.09993405040865386
0 0.27496931606893127 0.4556044081288426 0.07296771935096154 0.08089899319711538
0 0.15205935825882957 0.471409759146808 0.09358903134615384 0.03331135014423077
0 0.03267992170626834 0.23199026462621924 0.07673205961538462 0.06112553901442308
0 0.7983143790938771 0.6142739033538855 0.08773658610576923 0.05235893043269231
0 0.5442670934799715 0.5555589007980943 0.05801935533653846 0.06226467401442308
0 0.49631677816651815 0.6690085884435675 0.050618224543269225 0.07538884504807693
0 0.2718880589197138 0.44092509120992635 0.08207616120192308 0.053774036658653844
