0 0.8984043357042807 0.582793027753964 0.04032426596153846 0.06192655129807693
0 0.9063719092302492 0.4574824634227649 0.07920837956730768 0.04752502774038462
0 0.8328895199909281 0.3638656363441315 0.050405332451923086 0.04176441831730769
0 0.8184845345766111 0.1061164456131539 0.04752502774038462 0.07344777014423078
0 0.7483946464064233 0.39034287067431944 0.03331135014423077 0.07851961103365385
0 0.5953336196113685 0.5777196064621857 0.10801142665865385 0.03456365653846154
0 0.5015380379126989 0.47063700883835285 0.036880423365384614 0.07019177350961539
0 0.4564012729413311 0.2344332830478863 0.0963649771875 0.028552585841346154
0 0.3683204629877897 0.05961953351377592 0.03919301584134616 0.06404712346153846
0 0.22062855932527647 0.02804406250702093 0.038237088629807695 0.03919301584134616
0 0.21839156171077573 0.46588682406244225 0.036880423365384614 0.07732991995192308
0 0.21958697242508204 0.11611478782189037 0.04163918766826923 0.0749505378125
0 0.21507800708088715 0.585649099084516 0.06192655129807693 0.04176441831730769
0 0.07536938104861997 0.5417815738053581 0.050405332451923086 0.0892894460576923
0 0.0006981135197567877 0.2463559323500198 0.0535360984375 0.049967025216346155
