0 0.9213163256076936 0.670323567653014 0.04916521560096154 0.08603912730769231
0 0.700087630576345 0.8085933497900964 0.06145651951923077 0.07989347536057692
0 0.6755345674126294 0.6180485930018895 0.08603912730769231 0.05531086757211538
0 0.6355804437804812 0.6887752966601274 0.07989347536057692 0.09833043122596154
0 0.5894954400087832 0.43372335403759477 0.08603912730769231 0.09218477927884615
0 0.5556426490909304 0.6088818211793583 0.043019563653846155 0.09833043122596154
0 0.47576394684804324 0.5504907410568256 0.05531086757211538 0.09218477927884615
0 0.49116500972032145 0.48291811611426366 0.08603912730769231 0.11676738706730769
0 0.2852487353095817 0.5873794260615062 0.05531086757211538 0.10447608317307691
0 0.217661338343109 0.5259081333645178 0.06760217146634616 0.09218477927884615
0 0.16845180326894177 0.2923881323115061 0.030728259759615385 0.10447608317307691
0 0.07628179572554572 0.20633423192221007 0.043019563653846155 0.09218477927884615
0 0.09169763231647575 0.5780944686365395 0.08603912730769231 0.04916521560096154
