0 0.49114127421467607 0.6329631855655395 0.07461867661057692 0.07900801052884615
0 0.4779627207437192 0.34329880078610364 0.06584000877403846 0.10534401403846154
0 0.3023893644937186 0.4618319190260956 0.06584000877403846 0.12290134971153846
0 0.304589307094582 0.22701838144407008 0.0702293426923077 0.13606935146634616
0 0.2629275644352406 0.09739058843350433 0.1009546801201923 0.01755733567548077
0 0.10927977456063359 0.21156602670054767 0.08339734444711538 0.06145067485576923
0 0.10275380591051425 0.3805290043212312 0.13168001754807693 0.039504005264423075
0 0.058797158882847374 0.3213204773924626 0.07900801052884615 0.07900801052884615
0 0.05663942151196718 0.13471575373488917 0.10973334795673077 0.030725337427884615
0 0.49114127421467607 0.6329631855655395 0.07461867661057692 0.07900801052884615
0 0.4779627207437192 0.34329880078610364 0.06584000877403846 0.10534401403846154
0 0.3023893644937186 0.4618319190260956 0.06584000877403846 0.12290134971153846
0 0.304589307094582 0.22701838144407008 0.0702293426923077 0.13606935146634616
0 0.2629275644352406 0.09739058843350433 0.1009546801201923 0.01755733567548077
0 0.10927977456063359 0.21156602670054767 0.08339734444711538 0.06145067485576923
0 0.10275380591051425 0.3805290043212312 0.13168001754807693 0.039504005264423075
0 0.058797158882847374 0.3213204773924626 0.07900801052884615 0.07900801052884615
0 0.05663942151196718 0.13471575373488917 0.10973334795673077 0.030725337427884615
