0 0.9248012936902794 0.84954609335351 0.0497946603125 0.11277026012019231
0 0.8625754865745192 0.47433370818697423 0.12966139 0.0984176815625
0 0.7625392908742258 0.5954124663686032 0.08279582735576924 0.10622860867788461
0 0.6992748556021459 0.8422198287769855 0.06151105098557692 0.10984116245192309
0 0.6656800393828299 0.4353203803736073 0.07967145651442308 0.13278576084134613
0 0.544155898424614 0.8663373570119788 0.16402946927884615 0.07029834396634616
0 0.45790937832513756 0.4282661368994719 0.07967145651442308 0.11247735036057692
0 0.9248012936902794 0.84954609335351 0.0497946603125 0.11277026012019231
0 0.8625754865745192 0.47433370818697423 0.12966139 0.0984176815625
0 0.7625392908742258 0.5954124663686032 0.08279582735576924 0.10622860867788461
0 0.6992748556021459 0.8422198287769855 0.06151105098557692 0.10984116245192309
0 0.6656800393828299 0.4353203803736073 0.07967145651442308 0.13278576084134613
0 0.544155898424614 0.8663373570119788 0.16402946927884615 0.07029834396634616
0 0.45790937832513756 0.4282661368994719 0.07967145651442308 0.11247735036057692
