0 0.4470132193434497 0.7290960855250614 0.04874029375 0.07232430685096154
0 0.43286281068960325 0.6882095705488973 0.04874029375 0.0660352366826923
0 0.28902111742389724 0.3706304249303984 0.0660352366826923 0.08175791209134615
0 0.2583411135742186 0.7243452675494347 0.04874029375 0.0440234911298077
0 0.26546734222035034 0.8053302742114112 0.09119151733173078 0.05502936389423077
0 0.17423425037432966 0.583621653495805 0.05660163144230769 0.039306688509615384
0 0.15621175577547183 0.4586585097315897 0.1053419251923077 0.0660352366826923
0 0.13737478104064632 0.46729653254686343 0.1304982058173077 0.058173898990384616
0 0.06264104999066754 0.3894787380969744 0.08804698223557693 0.0660352366826923
0 0.05161249858383959 0.7621023655908782 0.06917977175480769 0.06289070161057692
