0 0.6905748975931199 0.7576454238934218 0.10546304747596154 0.028123479326923075
0 0.6448573429781406 0.2063545260016698 0.0914013078125 0.06679326338942307
0 0.5879554641196203 0.39800347454396273 0.033982537524038466 0.11483754057692308
0 0.5710247579783426 0.5959523188930171 0.08437043798076925 0.042185218990384625
0 0.5588510093736136 0.4819845840219351 0.12924283884615384 0.08182830624999998
0 0.48839091205936214 0.10200695301184605 0.06679326338942307 0.019920797855769227
0 0.46611240661901354 0.5620345689475372 0.05507514701923077 0.09608855435096153
0 0.43923115957805575 0.19705045421314482 0.11366572894230768 0.12538384533653846
0 0.45601504378845575 0.38749469297059924 0.1483616019951923 0.04588503153846154
0 0.28928433950885846 0.6088591480272284 0.1511637013701923 0.05624695865384615
0 0.22474174321300583 0.5420771521415323 0.07382413322115385 0.0656214517548077
0 0.08574493251912685 0.1588252016817679 0.03283307591346154 0.09955835923076924
0 0.07453567596734575 0.6818476828736075 0.04109387483173077 0.08414460084134616
