0 0.9213458730329486 0.6549668242299022 0.07374782341346155 0.09218477927884615
0 0.6847456601266355 0.805513137215641 0.07989347536057692 0.07374782341346155
0 0.6632432645280139 0.6211140323384627 0.08603912730769231 0.04916521560096154
0 0.6048374104584933 0.691855509234583 0.06760217146634616 0.10447608317307691
0 0.5894954400087832 0.4183518376049371 0.08603912730769231 0.08603912730769231
0 0.5587228616653862 0.6027952621716669 0.04916521560096154 0.1474956468269231
0 0.4942156748815702 0.4798231303139736 0.06760217146634616 0.09833043122596154
0 0.45734176382387837 0.5228131475521797 0.06760217146634616 0.07374782341346155
0 0.26684132599201954 0.565891803929104 0.07989347536057692 0.12291303901442308
0 0.217661338343109 0.5320390120497122 0.06760217146634616 0.07989347536057692
0 0.16540113570384712 0.29851901124913305 0.04916521560096154 0.09218477927884615
0 0.07015091800188974 0.20630468545849306 0.05531086757211538 0.06760217146634616
0 0.0671445715686544 0.5811746812230434 0.1106217351201923 0.05531086757211538
