0 0.9491951052752866 0.5484468863806515 0.04755406903846154 0.06897952870192307
0 0.8784674920766401 0.30531998118360526 0.04804281776442308 0.06776188475961539
0 0.8170019284137793 0.5539219606095428 0.06218609026442308 0.05905065713942308
0 0.7977000505284418 0.11860769197008492 0.08073993966346153 0.04866516911057692
0 0.7485160797471917 0.5119007504528882 0.03814776966346154 0.09719842680288462
0 0.7534962177816429 0.5724726452222982 0.05121207432692308 0.058528084951923076
0 0.7452806215446446 0.373062905530262 0.05342074514423077 0.051986631177884615
0 0.6696776497982444 0.20166991169292015 0.09214182213942308 0.03836254850961539
0 0.619939147264897 0.31551261885071885 0.02366288039423077 0.04660870379807692
0 0.6463638176145873 0.3908234242841334 0.08425419533653847 0.06310101439903847
0 0.6061414024889054 0.3345137669793594 0.02832375076923077 0.04589164682692308
