0 0.9511185045880233 0.4428684127875951 0.03192900723557692 0.08514401927884616
0 0.9201453764861662 0.5326895600780669 0.04673369649038461 0.06698496495192308
0 0.9183388247124051 0.41267912711480687 0.06208418072115385 0.056762679519230766
0 0.8873244505279791 0.7035835956995713 0.08514401927884616 0.053215012043269234
0 0.8109856394437928 0.5678959749527899 0.03192900723557692 0.06208418072115385
0 0.7950509840859605 0.5199982002803716 0.056762679519230766 0.05853651326923077
0 0.7890400654462428 0.2275275974542343 0.05031256127403846 0.07546884192307693
0 0.7755004367094757 0.3772536206480273 0.024833672283653848 0.09933468915865386
0 0.37646033466259493 0.1723523721611503 0.08514401927884616 0.07982251807692307
0 0.9511185045880233 0.4428684127875951 0.03192900723557692 0.08514401927884616
0 0.9201453764861662 0.5326895600780669 0.04673369649038461 0.06698496495192308
0 0.9183388247124051 0.41267912711480687 0.06208418072115385 0.056762679519230766
0 0.8873244505279791 0.7035835956995713 0.08514401927884616 0.053215012043269234
0 0.8109856394437928 0.5678959749527899 0.03192900723557692 0.06208418072115385
0 0.7950509840859605 0.5199982002803716 0.056762679519230766 0.05853651326923077
0 0.7890400654462428 0.2275275974542343 0.05031256127403846 0.07546884192307693
0 0.7755004367094757 0.3772536206480273 0.024833672283653848 0.09933468915865386
0 0.37646033466259493 0.1723523721611503 0.08514401927884616 0.07982251807692307
