0 0.8742539048921155 0.3898306320922419 0.08203981024038462 0.07362547074519231
0 0.7908422736587863 0.9030603377340571 0.07593941411057692 0.05746766473557692
0 0.7458998297499364 0.43400591454416493 0.05258962194711539 0.07362547074519231
0 0.7406535082047424 0.43295665047551074 0.06310754634615384 0.075729055625
0 0.7343832080942296 0.78851306162641 0.09676490439903847 0.11780075317307692
0 0.7231322613544177 0.9133520228892962 0.09235874687500001 0.08209666389423077
0 0.6754524908724344 0.13429310803294894 0.07152188586538462 0.11359358341346154
0 0.637900235414837 0.8538467425162086 0.04515316514423077 0.09441116348557693
0 0.6323467003125001 0.15210531411262826 0.08624698 0.05679679170673077
0 0.5944214918304483 0.08584997551243526 0.03576094293269231 0.06310754634615384
0 0.5650912500044204 0.9297170850706131 0.08825391367788461 0.03694349875
0 0.5303152475665391 0.10791991822378301 0.07993622536057693 0.0483824521875
0 0.5219464183571789 0.49812227127140934 0.11780075317307692 0.0378645278125
0 0.44717054952275603 0.7800683821449991 0.03576094293269231 0.09255773463942307
0 0.42523215627444333 0.3593971421071214 0.08898164033653845 0.09276809312499999
0 0.3262472870508967 0.5013358005528845 0.06310754634615384 0.08624698
0 0.2243018011389089 0.32985570798897457 0.1283186775721154 0.05469320682692307
0 0.17370451586890973 0.7075174588804491 0.03576094293269231 0.11148999853365385
