0 0.6883001110544568 0.2386050900261187 0.04752855730769231 0.09409694173076924
0 0.49477744227518844 0.769608157437217 0.05425522295673077 0.06702115776442308
0 0.357084515619681 0.0685303779100697 0.02138566857451923 0.09674469117788462
0 0.3329307787326641 0.14765012993458776 0.048372345576923076 0.048372345576923076
0 0.2319459709519463 0.7233031444173563 0.05987987201923077 0.04633561524038462
0 0.22779025783379372 0.27758210762542174 0.10945970771634615 0.08161469435096154
0 0.17416331229382392 0.12532254366323609 0.11511890846153847 0.1437495178125
0 0.1357824334783829 0.7614674807084701 0.11975974401442308 0.06843413944711539
0 0.6883001110544568 0.2386050900261187 0.04752855730769231 0.09409694173076924
0 0.49477744227518844 0.769608157437217 0.05425522295673077 0.06702115776442308
0 0.357084515619681 0.0685303779100697 0.02138566857451923 0.09674469117788462
0 0.3329307787326641 0.14765012993458776 0.048372345576923076 0.048372345576923076
0 0.2319459709519463 0.7233031444173563 0.05987987201923077 0.04633561524038462
0 0.22779025783379372 0.27758210762542174 0.10945970771634615 0.08161469435096154
0 0.17416331229382392 0.12532254366323609 0.11511890846153847 0.1437495178125
0 0.1357824334783829 0.7614674807084701 0.11975974401442308 0.06843413944711539
