0 0.9157943168659275 0.8282221244190608 0.050405332451923086 0.10801142665865385
0 0.7876899962940609 0.8526250906710544 0.10801142665865385 0.04176441831730769
0 0.6923500184435096 0.5828806209144151 0.083862785 0.05151571079326923
0 0.4844944340316718 0.5840671411929087 0.08745690435096153 0.0419313925
0 0.4204580683246172 0.938322810697231 0.11377203608173077 0.048965180096153846
0 0.3325845413499098 0.6574861776089821 0.09360990312500002 0.043204570673076925
0 0.3203457048400517 0.5672917041982364 0.07308042692307692 0.03953531293269231
0 0.22571496121969195 0.6104384160821642 0.08506082478365386 0.053911790360576924
0 0.1402566947611177 0.6598631807398184 0.03744396125 0.06442431552884616
0 0.08128314807715441 0.7013883219351538 0.09793036019230769 0.024482590048076923
0 0.025762851573190297 0.8634868166715978 0.03600380889423077 0.09216975076923076
