0 0.9231012350304526 0.6944584973817433 0.06321016533653846 0.04096955161057692
0 0.8839367636742442 0.5838393010613041 0.10417971697115386 0.03979899300480769
0 0.7311352494228456 0.7501233431242776 0.06789239980769231 0.09364468939903846
0 0.6417658163826446 0.516445561236565 0.06945384036057692 0.08504551882211539
0 0.5042857828873024 0.5922420390351388 0.07795839223557693 0.055279587235576924
0 0.4880211680694977 0.5752158989352 0.10772432382211537 0.04110533408653846
0 0.4370006714724712 0.008433572740991593 0.11339402509615384 0.04072883050480769
0 0.37459988479425754 0.6837290062906514 0.08504551882211539 0.10772432382211537
0 0.16191453510294362 0.40658658120461 0.02551365564903846 0.07795839223557693
0 0.17615011923909024 0.734708615955587 0.07654096692307692 0.06803641504807692
