0 0.9177895065893699 0.5361174402028823 0.06609230235576923 0.11684174879807692
0 0.7625146729337324 0.1414414333285759 0.0774449608653846 0.15191126937500002
0 0.7585279385784085 0.592674361874509 0.12274284723557692 0.03894724959134615
0 0.7431708973682508 0.8517510237926742 0.11094065038461538 0.054290105504807694
0 0.6050171048022894 0.6281689014664329 0.054290105504807694 0.11212087007211538
0 0.4433525415262398 0.834690323934911 0.07553405983173077 0.09795823384615385
0 0.4374627913669562 0.7390726701902272 0.08497581730769231 0.08143515826923077
0 0.24451247681952665 0.8423603335386521 0.09795823384615385 0.09677801415865385
0 0.2188998805334691 0.14884868274474725 0.06850900384615385 0.11914609362980769
0 0.19381409738281213 0.5337995568622007 0.1404461425 0.15224833935096155
