0 0.8967336656720948 0.35031434909771997 0.04389333918269231 0.1448480193028846
0 0.8485248515072576 0.5083303702515659 0.10534401403846154 0.1448480193028846
0 0.7761272200404202 0.018787747297290658 0.1272906836298077 0.03511467134615385
0 0.7058029157248812 0.3524615354014883 0.048282673100961536 0.10534401403846154
0 0.6465838372482321 0.16148858022429144 0.07900801052884615 0.07461867661057692
0 0.6356790857709933 0.7188917829270006 0.13606935146634616 0.039504005264423075
0 0.5302612129165994 0.2536751440317872 0.07461867661057692 0.08339734444711538
0 0.5083250945125565 0.7935526645992914 0.08339734444711538 0.07461867661057692
0 0.47107378836243746 0.06927036297507741 0.13168001754807693 0.039504005264423075
0 0.4292748789460348 0.5697388400215824 0.048282673100961536 0.10973334795673077
0 0.42270670482554773 0.787016144401292 0.06145067485576923 0.114122681875
0 0.2713432680117709 0.01223012448429976 0.11851201579326923 0.0570613409375
0 0.24722830962185655 0.11535309345113717 0.1404586853846154 0.03511467134615385
0 0.15275739323430015 0.06712317667130882 0.0570613409375 0.07900801052884615
0 0.11108509926746299 0.0935119365741727 0.07900801052884615 0.12290134971153846
0 0.10451692538736021 0.8199519758096508 0.09217601228365384 0.1272906836298077
0 0.09358051998763431 0.5082143061094962 0.12290134971153846 0.048282673100961536
0 0.047508340819070134 0.4028597406193081 0.13606935146634616 0.039504005264423075
0 0.02775106240089909 0.5982958886028223 0.13168001754807693 0.13168001754807693
