0 0.6466154911707191 0.22216057050333424 0.10534401403846154 0.06584000877403846
0 0.5104617295088295 0.7555437761028222 0.03511467134615385 0.13168001754807693
0 0.5061779084491727 0.8981074427535306 0.12290134971153846 0.0570613409375
0 0.4644212040223683 0.391165753354001 0.07461867661057692 0.07900801052884615
0 0.17033583142621478 0.6830828370313943 0.07461867661057692 0.1009546801201923
0 0.6466154911707191 0.22216057050333424 0.10534401403846154 0.06584000877403846
0 0.5104617295088295 0.7555437761028222 0.03511467134615385 0.13168001754807693
0 0.5061779084491727 0.8981074427535306 0.12290134971153846 0.0570613409375
0 0.4644212040223683 0.391165753354001 0.07461867661057692 0.07900801052884615
0 0.17033583142621478 0.6830828370313943 0.07461867661057692 0.1009546801201923
