0 0.7704653466551288 0.7476270828464482 0.06311891706730768 0.10438897824519232
0 0.815490681553717 0.6953538119957992 0.1577972926923077 0.038842410504807696
0 0.5787626460161741 0.4926595713987956 0.13109313545673076 0.050980663798076926
0 0.48036401291795694 0.4526354316839057 0.06554656774038461 0.07768482100961539
0 0.475520382260049 0.5885780328361918 0.07525717036057691 0.07282951971153845
0 0.4153516975805518 0.12732562455627072 0.05594398701923077 0.1258739708173077
0 0.2643298288844362 0.2643413243027689 0.07832158185096152 0.08671317990384615
0 0.0482655379002173 0.633568351992101 0.08496777298076924 0.1383760874278846
0 0.7704653466551288 0.7476270828464482 0.06311891706730768 0.10438897824519232
0 0.815490681553717 0.6953538119957992 0.1577972926923077 0.038842410504807696
0 0.5787626460161741 0.4926595713987956 0.13109313545673076 0.050980663798076926
0 0.48036401291795694 0.4526354316839057 0.06554656774038461 0.07768482100961539
0 0.475520382260049 0.5885780328361918 0.07525717036057691 0.07282951971153845
0 0.4153516975805518 0.12732562455627072 0.05594398701923077 0.1258739708173077
0 0.2643298288844362 0.2643413243027689 0.07832158185096152 0.08671317990384615
0 0.0482655379002173 0.633568351992101 0.08496777298076924 0.1383760874278846
