0 0.5141934638868924 0.014047130303543397 0.058242493894230765 0.09922795254807691
0 0.4840818036461607 0.48538249781486914 0.13158489360576925 0.10138508197115384
0 0.274809140024963 0.8887293984619139 0.10569934076923077 0.0711852703125
0 0.12268225580780236 0.017285417286022974 0.06471388209134615 0.10138508197115384
0 0.09477439425610776 0.1359845739529401 0.17688461108173079 0.14884192884615383
0 0.059142868509644154 0.5306614736619362 0.14452767002403846 0.08412804673076923
0 0.009430369318139715 0.8099967678842688 0.06255675269230769 0.07334239971153846
0 0.5141934638868924 0.014047130303543397 0.058242493894230765 0.09922795254807691
0 0.4840818036461607 0.48538249781486914 0.13158489360576925 0.10138508197115384
0 0.274809140024963 0.8887293984619139 0.10569934076923077 0.0711852703125
0 0.12268225580780236 0.017285417286022974 0.06471388209134615 0.10138508197115384
0 0.09477439425610776 0.1359845739529401 0.17688461108173079 0.14884192884615383
0 0.059142868509644154 0.5306614736619362 0.14452767002403846 0.08412804673076923
0 0.009430369318139715 0.8099967678842688 0.06255675269230769 0.07334239971153846
