0 0.8424348823949473 0.32136366690897766 0.024983512596153848 0.09755466826923076
0 0.8037770719326692 0.21955499495006253 0.03093196798076923 0.022604130451923075
0 0.7817806563193129 0.26661785836922713 0.04163918766826923 0.08089899319711538
0 0.7830075253673667 0.2047253242568013 0.07257115564903846 0.05710517165865384
0 0.6996505245829964 0.008962284587445782 0.04014894305288462 0.06978268675480769
0 0.8194852308831246 0.4416651141088143 0.04570083475961539 0.06954474853365385
0 0.792189155924643 0.797775064953798 0.06656425930288462 0.020863424560096155
0 0.7218992698503084 0.2801849306248845 0.07697092545673077 0.03874635990384615
0 0.7027697027928816 0.4689635772797823 0.06259027367788461 0.05066831677884616
0 0.6670086085688738 0.35567393996417346 0.06656425930288462 0.02483741019230769
0 0.6362269372103537 0.4942702712252681 0.08047320901442309 0.027817899423076924
0 0.6188323915194212 0.6577159537051878 0.07351873415865384 0.040733352716346156
0 0.6059121617049684 0.5842067722283247 0.06954474853365385 0.048681323966346154
0 0.6059288792887567 0.4197795344888939 0.08345369824519232 0.04570083475961539
0 0.5643517549381125 0.20199398961619364 0.04826388850961538 0.06474424067307692
0 0.47174477075125953 0.5241324804651096 0.03179188504807692 0.07550572697115385
0 0.48594087279519366 0.9090483585866428 0.07360639560096154 0.053531924086538465
0 0.4166307962855956 0.5991211595168904 0.05265530961538462 0.058616288052884616
0 0.40801097456551655 0.851206719235074 0.055443778509615384 0.04684043358173077
0 0.32470969046617876 0.6090823939411231 0.03377887786057692 0.08047320901442309
0 0.2407719678985127 0.635137295824473 0.09559272156250001 0.021986325961538458
