0 0.9544372541613697 0.35561071854087706 0.03646716225961538 0.09724576600961539
0 0.7520322946465883 0.3415446586806584 0.07302198596153846 0.0715901823076923
0 0.7527568008944502 0.23491830989598744 0.0801810041826923 0.10738527346153846
0 0.7177206345737506 0.10672197710064958 0.11597609536057692 0.06586296774038461
0 0.6794798180957321 0.2993868576151649 0.09116790564903846 0.0942068358173077
0 0.6050333336851079 0.19070675157313238 0.09724576600961539 0.062298068846153846
0 0.5312936195056224 0.17248412810026828 0.05925913867788461 0.07141485942307692
0 0.5093691261168352 0.367700693320486 0.14890757920673076 0.04254502264423077
0 0.4814868001496628 0.4704069868056585 0.1274305245192308 0.0715901823076923
0 0.36642617811705447 0.48470681059255394 0.05470074338942307 0.048622883004807695
0 0.34211838904276665 0.5295292046489287 0.05773967358173077 0.04710341790865384
0 0.33608801205049266 0.6237433454907375 0.09724576600961539 0.053181278293269234
0 0.27143952068191807 0.36927129432123135 0.03798662735576923 0.08509004526442307
0 0.2767886952571424 0.4627275288470497 0.06381753394230769 0.0926873707451923
0 0.26690304055106434 0.22033084192738198 0.05622020848557693 0.05773967358173077
0 0.24435412802133435 0.9133729211086584 0.09754075375 0.06242608240384616
0 0.2206123174473582 0.6237944813472518 0.10028469620192307 0.09572630091346154
0 0.16132395819075893 0.06766295181556838 0.07597325471153846 0.08964844055288462
0 0.16540004627461627 0.22085232746755384 0.14240950048076922 0.07803260300480769
0 0.05198821754576537 0.4619002241132929 0.1306739980769231 0.03646716225961538
