0 0.8854809938339037 0.7999686976973929 0.046805149807692306 0.11012976423076924
0 0.8305994655827018 0.12555354667399557 0.0697938848076923 0.04880324276442308
0 0.7238409183091312 0.6651890664568985 0.1251567031971154 0.08343780213942308
0 0.6444023189197139 0.5339124823221961 0.06613972120192307 0.07122739206730769
0 0.6193167226606129 0.8714303471238498 0.061464823629807694 0.12185131704326922
0 0.6168302258436286 0.1406396321704824 0.07988603189903845 0.13454489584134616
0 0.6151356007788809 0.9285196383840782 0.17145450802884615 0.07009146555288462
0 0.30104690863460365 0.34819415076859533 0.11803396399038461 0.05596437947115385
0 0.24501648736619955 0.20327258014703337 0.06308711867788462 0.12006903233173076
0 0.17584373159306818 0.5634405412125264 0.07936766543269232 0.08750793882211538
0 0.10467748940392131 0.50346717497287 0.1302443740625 0.13838464742788462
0 0.04813218598303443 0.6524637744486466 0.07020985788461538 0.07835013127403846
0 0.049711076186667966 0.1858962275184042 0.1139638273076923 0.0549468453125
