0 0.8884779774321897 0.08075377581765433 0.07998389358173076 0.08998188028846155
0 0.8360826790577616 0.6072383021729091 0.1583014560576923 0.026661297860576923
0 0.7627000201446352 0.585640087287959 0.10497886033653847 0.07998389358173076
0 0.6986003478371161 0.35404409559735 0.14996980048076922 0.09997986699519232
0 0.6644465685382475 0.44394986954875887 0.15496879382211537 0.036659284567307694
0 0.6444225557310062 0.7297717204329811 0.1316401581971154 0.07498490024038461
0 0.38109817776878574 0.45149442403875056 0.09498087362980769 0.07498490024038461
0 0.2902891403088886 0.4414884260766459 0.09997986699519232 0.06831957576923077
0 0.25943597830826437 0.818978516337284 0.07831756247596154 0.12330850262019231
0 0.08615757007647815 0.513979838135979 0.09498087362980769 0.07331856913461539
