0 0.4292600338278072 0.05933610974485159 0.07493801473557692 0.06612177771634616
0 0.34882776491621237 0.05213185588849868 0.08816237028846154 0.03195885923076923
0 0.32564010857320713 0.1595837184713043 0.050693362908653845 0.035264948125
0 0.1716545478912317 0.4645927518050513 0.042979155504807694 0.04656075180288462
0 0.18574857222878755 0.3133446673321062 0.10579484435096154 0.0584075703125
0 0.14432841932778936 0.13645434172403703 0.027550740721153846 0.046285244399038465
0 0.1498862496001874 0.08908826057507427 0.06722380735576923 0.06391771846153846
0 0.038047461878033643 0.3722860331792599 0.08155019252403847 0.04408118514423077
0 0.0370971595652851 0.5400839329003038 0.0853613783173077 0.029249703052884615
0 0.022053461991118944 0.42631462526078273 0.06942786661057693 0.06832583697115385
0 0.854566151515232 0.36842230676321525 0.08706034067307693 0.03857103699519231
0 0.4677883271197472 0.5566670736275249 0.0819634536298077 0.04270364810096154
0 0.31275911619521984 0.46783745856919123 0.03512719442307692 0.060611629567307694
0 0.30690375600467507 0.5046493224714834 0.03443842588942308 0.02961704627403846
0 0.25079312942657284 0.41475923508008944 0.05441271290865384 0.024795666634615385
0 0.14680729575758694 0.4454284757722932 0.0695656203125 0.040637342548076924
0 0.08247919118776606 0.007455765213109962 0.06935272822115385 0.06056153730769231
0 0.027248956999526255 0.25115889472884506 0.03516476360576923 0.05372394439903846
