0 0.7472955610204501 0.22479146494496016 0.06112553901442308 0.10924564420673076
0 0.7369037191058676 0.35867552842374734 0.07152988608173078 0.049420648557692314
0 0.72200530691256 0.107670655346824 0.11964999124999999 0.049420648557692314
0 0.6748935670392532 0.3004488946789767 0.08275240665865385 0.09826848290865384
0 0.5930093809760423 0.19525122385499497 0.08792443206730768 0.07068434735576924
0 0.5107738066843678 0.3711024913301765 0.13589194139423078 0.05965987670673077
0 0.48009733223826395 0.47882968045901325 0.12097697223557692 0.06628875189903846
0 0.35246668459634434 0.4831399174551011 0.05172025415865385 0.05344426264423077
0 0.3412958555867751 0.5357076709054586 0.08102839819711538 0.04137620334134616
0 0.3292568061379844 0.6262616305063099 0.1051645168028846 0.07758038125
0 0.28615659411875344 0.6753689341960407 0.1051645168028846 0.05516827110576923
0 0.268875066883841 0.41694172189034184 0.07068434735576924 0.19998498276442306
0 0.27477690713537817 0.23437417369065516 0.09788861663461537 0.109635250625
0 0.23272480457487754 0.9117116328477199 0.13117074629807693 0.06656425930288462
0 0.20512819604183033 0.6262947845033692 0.1051645168028846 0.1051645168028846
0 0.16458291503571099 0.059083564310050025 0.07930438971153847 0.09482046596153845
0 0.05605741069177016 0.4538110521489286 0.1517127455528846 0.036204177908653844
0 0.7472955610204501 0.22479146494496016 0.06112553901442308 0.10924564420673076
0 0.7369037191058676 0.35867552842374734 0.07152988608173078 0.049420648557692314
0 0.72200530691256 0.107670655346824 0.11964999124999999 0.049420648557692314
0 0.6748935670392532 0.3004488946789767 0.08275240665865385 0.09826848290865384
0 0.5930093809760423 0.19525122385499497 0.08792443206730768 0.07068434735576924
0 0.5107738066843678 0.3711024913301765 0.13589194139423078 0.05965987670673077
0 0.48009733223826395 0.47882968045901325 0.12097697223557692 0.06628875189903846
0 0.35246668459634434 0.4831399174551011 0.05172025415865385 0.05344426264423077
0 0.3412958555867751 0.5357076709054586 0.08102839819711538 0.04137620334134616
0 0.3292568061379844 0.6262616305063099 0.1051645168028846 0.07758038125
0 0.28615659411875344 0.6753689341960407 0.1051645168028846 0.05516827110576923
0 0.268875066883841 0.41694172189034184 0.07068434735576924 0.19998498276442306
0 0.27477690713537817 0.23437417369065516 0.09788861663461537 0.109635250625
0 0.23272480457487754 0.9117116328477199 0.13117074629807693 0.06656425930288462
0 0.20512819604183033 0.6262947845033692 0.1051645168028846 0.1051645168028846
0 0.16458291503571099 0.059083564310050025 0.07930438971153847 0.09482046596153845
0 0.05605741069177016 0.4538110521489286 0.1517127455528846 0.036204177908653844
