0 0.47893800483288645 0.07030939246709164 0.12882986096153848 0.04779172262019231
0 0.4009792545387335 0.32694764627343176 0.09766134622596154 0.062337029495192306
0 0.3833046089198293 0.4370714032181779 0.08727184129807693 0.05818122752403846
0 0.28043602291631053 0.5814730342940148 0.0768823363701923 0.04779172262019231
0 0.26382280494027927 0.5409564625524107 0.08519394031250001 0.04986962360576923
0 0.16512500555444476 0.5098029328118933 0.08727184129807693 0.062337029495192306
0 0.1630620895158508 0.6074842586266297 0.09973924718749999 0.07896023735576924
0 0.07058800331040235 0.21369954517849712 0.0935055442548077 0.06025912850961539
0 0.04748136659535066 0.6930212564118263 0.08582055733173077 0.08470600463942309
0 0.030191064191966918 0.6690463171639529 0.07356047771634616 0.07467503040865385
