0 0.7331491962401476 0.4125860505670707 0.046819561802884616 0.046819561802884616
0 0.7439044711750239 0.8466963334717661 0.0682785276201923 0.09168830850961539
0 0.7175614331278891 0.5121432717354497 0.06242608240384616 0.10144238389423078
0 0.565072871986698 0.7894040841178577 0.03953531293269231 0.0778725860576923
0 0.5886031209108897 0.9019996645661809 0.17970596786057694 0.0611000290625
0 0.4890535030343355 0.7186678984660746 0.08625886456730769 0.034743153774038464
0 0.3030155748166779 0.731546660044321 0.06437689747596154 0.048770376875
0 0.3284465130164801 0.6057073640883299 0.12290134971153846 0.03901630149038461
0 0.2503810822460068 0.6642458846658018 0.09558993867788461 0.05072119194711538
0 0.13560872725721715 0.7677932895347745 0.0670902280048077 0.03953531293269231
0 0.02482892670938926 0.8205099200390625 0.09943730221153846 0.0419313925
