0 0.45066249266379066 0.07949415053107098 0.04966784627403846 0.12541131185096155
0 0.43017977523550205 0.5667217341224806 0.054082765937500006 0.06787938990384615
0 0.38849075544760076 0.6443005487046967 0.034767492403846155 0.10264688230769231
0 0.3675862169570544 0.4751665415703296 0.08995398826923078 0.11313231651442307
0 0.32920308045077906 0.6268299103638414 0.06622379504807693 0.030352572716346154
0 0.33584887875580766 0.16574576829445395 0.08567703483173077 0.08691873098557693
0 0.3204143655919183 0.7802947997233555 0.10043942247596155 0.06898311983173076
0 0.26063820838289636 0.2583073517173053 0.012416961569711539 0.1328614887980769
0 0.22708683741150285 0.701405969300602 0.04856411637019231 0.09216144810096154
0 0.21043458213043753 0.23399726909685292 0.08319364252403846 0.05215123858173077
0 0.17129876691126011 0.3190728574021995 0.06456820016826924 0.06829328862980769
0 0.08190559813352337 0.10922620692142991 0.07201837709134616 0.06829328862980769
0 0.06637693409413731 0.2998041806445602 0.06580989632211538 0.04966784627403846
0 0.09613896683157473 0.6122897278515338 0.1484516738701923 0.10043942247596155
0 0.924198253446919 0.8722917559942156 0.06208480783653846 0.1043024771875
0 0.8794882371285019 0.8667294945214554 0.05463463091346154 0.12541131185096155
0 0.7782855230678221 0.8586480225465745 0.05090954242788462 0.11671943875
0 0.8113083659721421 0.09871506969613897 0.1490035388221154 0.1043024771875
0 0.6579011459824853 0.4469524455057901 0.10099128742788463 0.055738360817307694
0 0.6292760079420824 0.27992808739101793 0.045942757812500006 0.04221766932692307
0 0.6411094387520803 0.8536752682381429 0.07698516173076923 0.11175265413461538
0 0.6546005690706476 0.40470890749690847 0.10982112677884616 0.034215627427884615
0 0.6194888243101365 0.4624882400427897 0.052979036033653844 0.12527334560096154
0 0.6262180327267762 0.2905287698680199 0.08443533867788461 0.0807102501923077
0 0.6206229379061111 0.19247954621983643 0.07822685788461539 0.11796113490384616
0 0.6153770324751525 0.541845359822774 0.07560549932692308 0.03256003254807693
0 0.533093812525223 0.7617599041117616 0.08691873098557693 0.08691873098557693
0 0.43003899448993405 0.04283874277306191 0.091885515625 0.1043024771875
0 0.24817080966568633 0.3029397422422797 0.12541131185096155 0.07574346557692307
0 0.18847984854859134 0.23962219294774526 0.05090954242788462 0.08319364252403846
0 0.06988144894797065 0.4035589188316786 0.037250884711538465 0.11051095795673077
0 0.07053960764258395 0.5841824293863257 0.06829328862980769 0.07450176942307693
0 0.03634968308902904 0.36131140111157684 0.032284100072115386 0.08567703483173077
