0 0.9123699169715294 0.5554399419630929 0.0711852703125 0.060399623293269235
0 0.8487527486131369 0.6589717825308572 0.0862851761298077 0.051771105673076925
0 0.8638941377723396 0.24805678004989729 0.12079924658653847 0.06687101151442308
0 0.7268360466767981 0.38730829838300884 0.05392823509615385 0.16394183466346154
0 0.6935690667143005 0.8499114398653038 0.19414164629807693 0.07981378793269231
0 0.5985464794968393 0.14670799597734255 0.10354221137019232 0.09707082314903846
0 0.4453488086068672 0.7323660364107571 0.06902814091346153 0.09491369375
0 0.4226808007633366 0.8887501399225395 0.05392823509615385 0.08844230555288461
0 0.32131127524220504 0.7755760347214482 0.06687101151442308 0.1509990582451923
0 0.26845901205780226 0.44007240953647975 0.06471388209134615 0.09275656435096155
0 0.19944642741410298 0.4756676373722958 0.07765665853365385 0.09491369375
0 0.9123699169715294 0.5554399419630929 0.0711852703125 0.060399623293269235
0 0.8487527486131369 0.6589717825308572 0.0862851761298077 0.051771105673076925
0 0.8638941377723396 0.24805678004989729 0.12079924658653847 0.06687101151442308
0 0.7268360466767981 0.38730829838300884 0.05392823509615385 0.16394183466346154
0 0.6935690667143005 0.8499114398653038 0.19414164629807693 0.07981378793269231
0 0.5985464794968393 0.14670799597734255 0.10354221137019232 0.09707082314903846
0 0.4453488086068672 0.7323660364107571 0.06902814091346153 0.09491369375
0 0.4226808007633366 0.8887501399225395 0.05392823509615385 0.08844230555288461
0 0.32131127524220504 0.7755760347214482 0.06687101151442308 0.1509990582451923
0 0.26845901205780226 0.44007240953647975 0.06471388209134615 0.09275656435096155
0 0.19944642741410298 0.4756676373722958 0.07765665853365385 0.09491369375
