0 0.7757473269785211 0.6513294586454385 0.0862851761298077 0.1337420230048077
0 0.617626695171621 0.3926324059837566 0.11169946278846155 0.1396243284855769
0 0.5072080506018862 0.23491014662799892 0.10569934076923077 0.05608536449519231
0 0.41118727250881215 0.8519165663329213 0.08197091733173077 0.11217072899038462
0 0.3410572325392935 0.8896585527653477 0.06255675269230769 0.10569934076923077
0 0.2235325705453726 0.4443020754085094 0.09491369375 0.18119886987980768
0 0.2019923889742626 0.593014369086192 0.12079924658653847 0.07334239971153846
0 0.21285581714988216 0.4259120288009951 0.1855131287019231 0.1358991524278846
0 0.10794083809027138 0.17200582906137332 0.06422719110576923 0.1228694090625
0 0.05089999330297707 0.4097672635272398 0.043142588076923075 0.16394183466346154
