0 0.7589368775242404 0.6295648657314394 0.07699659016826922 0.1008099685576923
0 0.7515037831115361 0.7545650669875935 0.1666936487980769 0.08414060367788462
0 0.6593147141974851 0.5926665319341426 0.07461525230769231 0.11112909920673077
0 0.6569829881308652 0.6735595098845172 0.11589177487980769 0.05080187391826923
0 0.6003295786796469 0.4252160172290761 0.07804405146634616 0.03630926459134615
0 0.5656405474282891 0.4830603315236975 0.03714396033653846 0.07094913771634616
0 0.5072309084006625 0.45215251163461534 0.05300317935096154 0.05091644
0 0.4206838947422803 0.40352797338332685 0.09682470557692308 0.04799500492788462
0 0.3540754817789906 0.23615901624768862 0.11682467012019232 0.06826501807692308
0 0.26074482512264796 0.24882675156018863 0.04855965204326924 0.06826501807692308
0 0.2114983275522664 0.317793841023946 0.06263491348557693 0.06685749192307693
0 0.20593927602359913 0.190399190856688 0.12175101163461538 0.05559728276442308
0 0.820821592935292 0.08027649608753812 0.07921426216346153 0.12504069483173078
0 0.6533275019701716 0.1963073694666177 0.1062009391826923 0.08001440622596154
0 0.6176375111535576 0.2967257991362332 0.06692113975961539 0.11056536134615384
0 0.5431232206948331 0.21988241838852748 0.10401872810096154 0.025459129254807693
0 0.48434091378426636 0.6156466578766988 0.13019616850961538 0.07635829341346154
0 0.31583987822392723 0.4336079506061624 0.1379375623076923 0.05137470432692307
0 0.1589683737534961 0.09070356587176977 0.10496435290865384 0.1172574753125
