0 0.8358488787558076 0.6657457682944539 0.08567703483173077 0.08691873098557693
0 0.7606382083828963 0.7583073517173052 0.012416961569711539 0.1328614887980769
0 0.7104345821304375 0.7339972690968529 0.08319364252403846 0.05215123858173077
0 0.6712987669112601 0.8190728574021994 0.06456820016826924 0.06829328862980769
0 0.5819055981335234 0.6092262069214299 0.07201837709134616 0.06829328862980769
0 0.5663769340941373 0.7998041806445602 0.06580989632211538 0.04966784627403846
0 0.48387428334819355 0.44656102544029086 0.12416961569711539 0.06580989632211538
0 0.46896795979694406 0.8320823109515131 0.1192028310576923 0.04470106165865385
0 0.4521707359488544 0.7464202003404099 0.09064381944711539 0.05711802322115385
0 0.4615536010682961 0.32424350707117944 0.1490035388221154 0.05711802322115385
0 0.31130836597214206 0.598715069696139 0.1490035388221154 0.1043024771875
0 0.12927600794208235 0.7799280873910178 0.045942757812500006 0.04221766932692307
0 0.15460056907064765 0.9047089074969085 0.10982112677884616 0.034215627427884615
0 0.12807908453428382 0.3888773737669887 0.08319364252403846 0.11175265413461538
0 0.12621803272677626 0.7905287698680199 0.08443533867788461 0.0807102501923077
0 0.12062293790611116 0.6924795462198363 0.07822685788461539 0.11796113490384616
