0 0.6836353039846925 0.38700985719790115 0.06329156526442307 0.07439534865384614
0 0.5570925170291697 0.538713024592993 0.14461216826923076 0.06729477137019231
0 0.49855653027051944 0.8267372292497803 0.08205111507211539 0.0942068358173077
0 0.45443725416136965 0.855610718540877 0.03646716225961538 0.09724576600961539
0 0.2520322946465882 0.8415446586806584 0.07302198596153846 0.0715901823076923
0 0.25275680089445013 0.7349183098959874 0.0801810041826923 0.10738527346153846
0 0.2177206345737506 0.6067219771006496 0.11597609536057692 0.06586296774038461
0 0.17947981809573205 0.7993868576151649 0.09116790564903846 0.0942068358173077
0 0.10503333368510798 0.6907067515731324 0.09724576600961539 0.062298068846153846
0 0.03129361950562233 0.6724841281002683 0.05925913867788461 0.07141485942307692
0 0.00936912611683522 0.867700693320486 0.14890757920673076 0.04254502264423077
