0 0.6797959735583855 0.719704782658359 0.031201280576923077 0.09555392175480769
0 0.6593365404096362 0.7108989525135504 0.04485184081730769 0.07020288127403845
0 0.5764839215759927 0.8445099047737438 0.06630272122596154 0.09555392175480769
0 0.5472374080423964 0.4710203573329443 0.07020288127403845 0.05460224100961538
0 0.4507342291125991 0.779123627645271 0.0916537616826923 0.04680192086538461
0 0.42047282932830965 0.8513234657350512 0.06240256115384615 0.0858035215625
0 0.33763663178838077 0.1775684560448063 0.04784802793269231 0.06728628927884615
0 0.30398450189129567 0.1902834798941093 0.04037177355769231 0.07177204189903846
0 0.3162068306756192 0.8405441171523377 0.1150547221153846 0.0409516807451923
0 0.2561292850000864 0.1514105515668916 0.034390770072115384 0.07476254365384614
0 0.25279876110773364 0.5841109363591266 0.08970368163461538 0.04290176079326923
0 0.1761567260834349 0.14317409158356256 0.05382903141826923 0.06429578752403846
