0 0.4423290024102601 0.173158355353296 0.10787274533653846 0.044556133942307695
0 0.3062986294197546 0.13100928986409016 0.09380238723557693 0.09614744692307692
0 0.18325120600788186 0.818786588582684 0.0905129985576923 0.06176181079326923
0 0.15129520267803492 0.7798974841599541 0.081994128125 0.04365921108173077
0 0.13272475295878222 0.27287694484120767 0.06097155170673077 0.08911226788461539
0 0.4423290024102601 0.173158355353296 0.10787274533653846 0.044556133942307695
0 0.3062986294197546 0.13100928986409016 0.09380238723557693 0.09614744692307692
0 0.18325120600788186 0.818786588582684 0.0905129985576923 0.06176181079326923
0 0.15129520267803492 0.7798974841599541 0.081994128125 0.04365921108173077
0 0.13272475295878222 0.27287694484120767 0.06097155170673077 0.08911226788461539
