0 0.8482519565770328 0.7770926805470195 0.06999260209134615 0.04593264512019231
0 0.7210036937532648 0.39549295789048017 0.04799951271634616 0.05257089487980769
0 0.6753558054671607 0.14641856335437667 0.10285609867788462 0.10742748084134615
0 0.6273588375512262 0.778236264474303 0.0874907526201923 0.0874907526201923
0 0.5542526392834399 0.045804200256651044 0.1348557738221154 0.07085642353365385
0 0.4414252147472784 0.40966832446939133 0.07436713973557693 0.07655440853365385
0 0.6399083630782523 0.8709186130067723 0.08685626110576924 0.04571382163461539
0 0.8482519565770328 0.7770926805470195 0.06999260209134615 0.04593264512019231
0 0.7210036937532648 0.39549295789048017 0.04799951271634616 0.05257089487980769
0 0.6753558054671607 0.14641856335437667 0.10285609867788462 0.10742748084134615
0 0.6273588375512262 0.778236264474303 0.0874907526201923 0.0874907526201923
0 0.5542526392834399 0.045804200256651044 0.1348557738221154 0.07085642353365385
0 0.4414252147472784 0.40966832446939133 0.07436713973557693 0.07655440853365385
