0 0.6970369630112505 0.2910639609917309 0.07989347536057692 0.1106217351201923
0 0.6663087033958658 0.11892661374942214 0.07989347536057692 0.06145651951923077
0 0.6325150049126292 0.3678624506722101 0.08603912730769231 0.09218477927884615
0 0.6448506289291035 0.07282683747304357 0.12291303901442308 0.05531086757211538
0 0.5772041371241682 0.14661898047990232 0.08603912730769231 0.09218477927884615
0 0.42964939805493607 0.1742670275087832 0.03687391170673077 0.08603912730769231
0 0.4328034767826603 0.4385005151917297 0.10447608317307691 0.06145651951923077
0 0.2668708734172751 0.34015531070384747 0.10447608317307691 0.04916521560096154
0 0.21456635205000146 0.042142897306825404 0.04916521560096154 0.09218477927884615
0 0.21773520449637684 0.5491370235137182 0.12905869098557693 0.07374782341346155
0 0.1562048191123397 0.6229439397464114 0.06760217146634616 0.12291303901442308
0 0.008738717499133328 0.0759218232733335 0.09218477927884615 0.07374782341346155
