0 0.5101696262523407 0.34178881434200525 0.05072119194711538 0.06632771254807693
0 0.48089333139602203 0.7173183714512933 0.03901630149038461 0.06437689747596154
0 0.4828488359394939 0.297864993757888 0.042917931658653846 0.0409671165625
0 0.24390447117502387 0.3466963334717662 0.0682785276201923 0.09168830850961539
0 0.21756143312788917 0.012143271735449771 0.06242608240384616 0.10144238389423078
0 0.11720056107092475 0.7613712817128272 0.05031767100961538 0.027554915072115386
0 0.10401348469024486 0.7027047708407396 0.043129432283653846 0.05870394949519231
0 0.06507287198669796 0.28940408411785773 0.03953531293269231 0.0778725860576923
0 0.04474651445543643 0.7763539787668156 0.07308042692307692 0.033545113990384616
0 0.08860312091088976 0.40199966456618086 0.17970596786057694 0.0611000290625
0 0.0076044000569174906 0.8237183089757074 0.07068434735576924 0.06828826778846153
