0 0.9462165358429935 0.14107514548406302 0.04142925137019231 0.08285850274038462
0 0.8754329893853433 0.9636795112476311 0.11648174860576922 0.03584053802884615
0 0.8485202775181157 0.5313799446926717 0.08960134507211538 0.05824087430288461
0 0.8081095475545492 0.007921550553144564 0.033537965384615384 0.09272261021634616
0 0.7757003374275087 0.42834916716204585 0.0739211096875 0.06720100882211538
0 0.5684235918063232 0.1756161199317274 0.04340207286057692 0.09666825319711539
0 0.5852613373872328 0.05423306086399775 0.10061389617788462 0.05129335884615385
0 0.558417075408278 0.6366992179027311 0.0739211096875 0.08960134507211538
0 0.43627870465568935 0.5459967024765395 0.026880403533653844 0.10528158048076924
0 0.42284388739275164 0.7475781902421473 0.03136047076923077 0.08736131146634615
0 0.2851222046336447 0.7172973508858695 0.06496097519230769 0.053760807043269236
0 0.17086972014503982 0.346612171011378 0.05600084067307692 0.08736131146634615
