0 0.87910286867254 0.7591089411255025 0.08340226555288462 0.16084722641826923
0 0.7644712945624825 0.5058876910492844 0.12212474598557692 0.13106070300480768
0 0.7555782973366139 0.40902778817053453 0.15786857406250002 0.08638091788461538
0 0.6631183515558546 0.4180783088855632 0.05659439447115385 0.18169779278846152
0 0.5902093906117094 0.5147377253928206 0.1131887889423077 0.059573046826923076
0 0.5902738334868769 0.7217862840839958 0.1668045310817308 0.08638091788461538
0 0.5574871770517352 0.8751761392798865 0.14893261704326924 0.0774449608653846
0 0.47553485699675263 0.7099647574984973 0.11616744129807693 0.16382587875
0 0.26251467293373243 0.6414414333285758 0.0774449608653846 0.15191126937500002
0 0.05258054485654942 0.4254783981398508 0.12808205064903846 0.14297531235576924
0 0.5960367243807498 0.1753266217685316 0.09441757478365384 0.06963296141826923
0 0.4916057230777613 0.3806820099663982 0.10976043069711539 0.06727252204326922
0 0.46802402540342436 0.23490927499459707 0.12864394564903844 0.054290105504807694
0 0.4733733143835805 0.32521452176853194 0.16050987713942308 0.06963296141826923
0 0.41778950658936986 0.03611744020288235 0.06609230235576923 0.11684174879807692
0 0.32224845340115343 0.47094186433657287 0.11330108975961539 0.04484834802884615
0 0.2585279385784084 0.09267436187450902 0.12274284723557692 0.03894724959134615
0 0.2431708973682509 0.35175102379267426 0.11094065038461538 0.054290105504807694
0 0.10501710480228935 0.12816890146643298 0.054290105504807694 0.11212087007211538
