0 0.7877403963344237 0.7620431925015604 0.11993845024038462 0.09328546129807691
0 0.7377900200140703 0.11630787311714116 0.06420482170673077 0.11445207346153846
0 0.7393717884927715 0.2973177370238825 0.06996409598557693 0.12327007387019231
0 0.7277711703728851 0.7037598009728352 0.11993845024038462 0.10994357939903845
0 0.6024653413070333 0.008777546617424388 0.11724358745192308 0.06699633569711538
0 0.5244940783255132 0.685439875544477 0.07995896682692308 0.1132752030048077
0 0.5128213822427713 0.43555208660881417 0.06996409598557693 0.09994870853365384
0 0.5045283623299682 0.2573222363093736 0.09994870853365384 0.10994357939903845
0 0.41787411354518167 0.457195627064534 0.07329571959134615 0.08995383769230769
0 0.33293773307414953 0.2873148575800896 0.08995383769230769 0.11660682663461538
0 0.20965965050535665 0.24566555799640025 0.08329059045673078 0.1132752030048077
0 0.15141630257777824 0.8552886101864423 0.13326494471153846 0.05996922512019231
0 0.08968115665177717 0.4055995089512932 0.04997435427884615 0.12660169747596153
0 0.09714091536742407 0.1650181356815713 0.06699633569711538 0.10581582706730769
0 0.08474378660881467 0.3289481396102995 0.09994870853365384 0.10661195576923078
0 0.0014451874534833166 0.6237367644609549 0.09328546129807691 0.05663760151442308
