0 0.8329377330741495 0.7873148575800897 0.08995383769230769 0.11660682663461538
0 0.8218745671221457 0.4501960151124203 0.080953905625 0.10049450353365384
0 0.7096596505053566 0.7456655579964002 0.08329059045673078 0.1132752030048077
0 0.5971409153674241 0.6650181356815713 0.06699633569711538 0.10581582706730769
0 0.5847437866088147 0.8289481396102996 0.09994870853365384 0.10661195576923078
0 0.5524632707328551 0.27992708257147964 0.05583027973557692 0.11166055947115384
0 0.4897515063646161 0.46691825734571457 0.13678418536057693 0.07816239163461539
0 0.43528678689840317 0.4906696125475279 0.11166055947115384 0.09770298954326923
0 0.371028282434732 0.18496863442746864 0.06699633569711538 0.07257936365384615
0 0.3305681055836839 0.609272049982809 0.080953905625 0.06699633569711538
0 0.16864016304291687 0.6386131434754356 0.06420482170673077 0.09211996156249999
