0 0.7961144836607801 0.5455688352895594 0.13345440576923076 0.06902814091346153
0 0.7684976962496245 0.06468384903008298 0.1288525296875 0.07823189302884614
0 0.7138111014456304 0.3084817370427781 0.060498452764423075 0.07980646959134616
0 0.2622581430088239 0.033635013441313935 0.10124127334134615 0.08973658317307692
0 0.14556904894747938 0.2897972080949516 0.1081248943028846 0.063072855
0 0.10348788782125447 0.5398579734872239 0.09663939728365384 0.10354221137019232
0 0.03871279050579008 0.2537679537067192 0.0926784808173077 0.07337046399038462
0 0.7961144836607801 0.5455688352895594 0.13345440576923076 0.06902814091346153
0 0.7684976962496245 0.06468384903008298 0.1288525296875 0.07823189302884614
0 0.7138111014456304 0.3084817370427781 0.060498452764423075 0.07980646959134616
0 0.2622581430088239 0.033635013441313935 0.10124127334134615 0.08973658317307692
0 0.14556904894747938 0.2897972080949516 0.1081248943028846 0.063072855
0 0.10348788782125447 0.5398579734872239 0.09663939728365384 0.10354221137019232
0 0.03871279050579008 0.2537679537067192 0.0926784808173077 0.07337046399038462
