0 0.9104505785585876 0.208970234350557 0.06512585074519231 0.08982875966346154
0 0.8669030712115731 0.7203563923527356 0.060014708028846155 0.07716176747596154
0 0.8744332476619706 0.8242924068755488 0.08359191475961537 0.06215809045673077
0 0.8711801872351725 0.2920564388722149 0.08982875966346154 0.08533732168269231
0 0.8015197116175403 0.14945058356092825 0.05389725579326923 0.0830916026923077
0 0.743686919296586 0.8231820731057866 0.08359191475961537 0.030007354014423077
0 0.7398191222050664 0.6558359234876859 0.10105735461538462 0.0628801317548077
0 0.7297052892038993 0.4469948541198803 0.09432019764423077 0.07186300774038462
0 0.6881729837891783 0.1796949120131201 0.10554879259615385 0.022457189915865386
0 0.6611649738999801 0.6232810956835938 0.05614297478365385 0.06961728875
0 0.6938169722734547 0.1684771137931364 0.13025170151442308 0.03144006588942308
0 0.39956300392514554 0.467184731569463 0.07635444572115385 0.05389725579326923
0 0.195988304115402 0.6603674461199265 0.030007354014423077 0.09859559177884615
