0 0.9200598019413948 0.5276629071929317 0.04662839524038461 0.04481170451923077
0 0.9044399738278359 0.4830084958164121 0.024525324759615382 0.0772755892548077
0 0.8362522805181558 0.07439643395042636 0.060490891105769225 0.07026719675480769
0 0.8237329986574866 0.14125235218593973 0.06599006302884615 0.028106878701923077
0 0.7998818160889248 0.675770372885338 0.04096737598557692 0.08481527060096153
0 0.7899163969025925 0.2761251878468529 0.05534087295673077 0.035962838581730765
0 0.46097007432611437 0.4526044194768171 0.037340359326923075 0.053911524711538455
0 0.4321237652672546 0.4354822096142579 0.026955762355769228 0.055016269062500005
0 0.39934748150159477 0.21840851656853852 0.04517176932692308 0.04550637502403846
0 0.3576888402030268 0.82352538679641 0.08507349891826924 0.02070372761298077
0 0.2673620922453427 0.7054826455848683 0.092991288125 0.04896881661057692
