0 0.10174081574178309 0.31212324445786355 0.14924743716346153 0.05596778894230769
0 0.8688914459414586 0.3772292822334098 0.04924625329326923 0.08676720819711538
0 0.8365641516574114 0.7698542785974195 0.027686328966346152 0.10435616305288462
0 0.6977077264455146 0.18024990600669724 0.05393637266826923 0.09145732757211539
0 0.6941873184050251 0.2821839005362715 0.05159131298076923 0.028140716177884613
0 0.6262839745210802 0.7671806126127382 0.05217808153846153 0.09477243379807693
0 0.5874673727226158 0.20723782260256815 0.035175895216346155 0.10787274533653846
0 0.5781265941355109 0.6539012271914584 0.06800673074519231 0.04924625329326923
0 0.6075272161308475 0.3466814974822313 0.14070358086538462 0.035175895216346155
0 0.5534893746302353 0.4499543181430577 0.056281432355769226 0.11021780502403847
0 0.44683350758630175 0.7299003155208427 0.03407548180288462 0.08625356334134615
0 0.4268223289016561 0.23184121898746662 0.028140716177884613 0.09145732757211539
0 0.4458505609921067 0.8453927002705482 0.1022264454326923 0.04898350509615385
0 0.29323848444304157 0.24114253744770495 0.09849250661057692 0.025795656490384615
0 0.252123838347616 0.1051854477164907 0.035175895216346155 0.07269685012019231
0 0.18702075762004786 0.8257196896635193 0.0447240698798077 0.07134554004807693
0 0.2088445217829489 0.07229824057270476 0.12194310341346154 0.025795656490384615
