0 0.5447437840523016 0.2129128771339337 0.13081810151442308 0.05687743543269231
0 0.37685280561101586 0.1778954271614393 0.04550194836538461 0.10427529831730771
0 0.38349159201732397 0.6921095203510136 0.12303625841346154 0.07149404204326923
0 0.3257086886041515 0.42626022860374674 0.08342023865384615 0.10427529831730771
0 0.2603292616554466 0.338075137642613 0.10806712733173077 0.08342023865384615
0 0.5447437840523016 0.2129128771339337 0.13081810151442308 0.05687743543269231
0 0.37685280561101586 0.1778954271614393 0.04550194836538461 0.10427529831730771
0 0.38349159201732397 0.6921095203510136 0.12303625841346154 0.07149404204326923
0 0.3257086886041515 0.42626022860374674 0.08342023865384615 0.10427529831730771
0 0.2603292616554466 0.338075137642613 0.10806712733173077 0.08342023865384615
