0 0.7995131976506742 0.37142235085798847 0.17442413536057694 0.043606033846153844
0 0.7140694335246683 0.12219390572222293 0.06825292252403846 0.11375487088942307
0 0.6551454890203753 0.38091637398200606 0.06309840495192308 0.08709357302884616
0 0.5702833043561336 0.39344803838586917 0.07109679430288461 0.16174520704326925
0 0.19702086065455696 0.07078865355876099 0.06754195459134615 0.11375487088942307
0 0.04518605113656845 0.28576673074143627 0.179519405625 0.039103236874999996
0 0.7995131976506742 0.37142235085798847 0.17442413536057694 0.043606033846153844
0 0.7140694335246683 0.12219390572222293 0.06825292252403846 0.11375487088942307
0 0.6551454890203753 0.38091637398200606 0.06309840495192308 0.08709357302884616
0 0.5702833043561336 0.39344803838586917 0.07109679430288461 0.16174520704326925
0 0.19702086065455696 0.07078865355876099 0.06754195459134615 0.11375487088942307
0 0.04518605113656845 0.28576673074143627 0.179519405625 0.039103236874999996
