0 0.9271065900272745 0.26860626519132547 0.0702293426923077 0.04389333918269231
0 0.7735010056230354 0.6922877766363775 0.08778667836538462 0.13606935146634616
0 0.7251550247011368 0.7295179804118898 0.03511467134615385 0.0702293426923077
0 0.6506102071709159 0.8349041995841808 0.09656534620192307 0.10534401403846154
0 0.5935594173726423 0.04043476040148848 0.10534401403846154 0.10534401403846154
0 0.5035833477138902 0.6483416811565909 0.10973334795673077 0.09217601228365384
0 0.4267647284303347 0.1369262476432484 0.10534401403846154 0.04389333918269231
0 0.41148119437840935 0.1282003361518813 0.17118402283653847 0.08778667836538462
0 0.31037879625372705 0.4529688410180521 0.048282673100961536 0.05267200701923077
0 0.24672817889324827 0.4288327800131458 0.04389333918269231 0.0570613409375
0 0.6900825585368897 0.8713662699462313 0.0702293426923077 0.039504005264423075
0 0.6243269601026257 0.381939711134026 0.1404586853846154 0.026336003509615385
