0 0.7885060016126282 0.5210092636955378 0.03722639170673077 0.08154352468750001
0 0.7705428835207392 0.8308199440288118 0.0463841992548077 0.08417873197115384
0 0.6320910261813224 0.6441959790233798 0.05761227286057692 0.06913472745192308
0 0.6010775539592962 0.34370024976394914 0.06470301413461538 0.047862503605769234
0 0.537639640640631 0.5718450057462036 0.06879128300480769 0.034148190841346154
0 0.5137589535331337 0.34369172727443725 0.05318055956730769 0.04077176233173077
0 0.460992802088659 0.4665023861209665 0.02924930776442308 0.08420255264423078
0 0.38132636353171834 0.5262697925253097 0.11611088838942307 0.03368102105769231
0 0.26558514076307627 0.3149015707118217 0.05495324487980769 0.054066902235576926
0 0.19688399653961744 0.30029928833903474 0.046976160961538456 0.07268009807692308
0 0.1228903635226455 0.32022814897056456 0.06027130084134616 0.06115764350961538
