0 0.7319459709519462 0.22330314441735627 0.05987987201923077 0.04633561524038462
0 0.6357824334783829 0.2614674807084701 0.11975974401442308 0.06843413944711539
0 0.4098783118810675 0.5743261586619071 0.07603914504807692 0.07114553670673077
0 0.10757717514532862 0.2192251092505315 0.07423882091346154 0.060591136442307694
0 0.06629262659945342 0.11925892207768032 0.040327260745192314 0.04857601862980769
0 0.0736788340080958 0.1964417608654367 0.08523716473557694 0.01970536604326923
0 0.8643430846899273 0.5875931456728747 0.03427526201923077 0.11775210983173076
0 0.8718281737339358 0.483348747578674 0.05251854663461538 0.08734663545673077
0 0.86946054449343 0.7440394250761604 0.05446798853365385 0.042422183365384614
0 0.8499267128215148 0.743506881591537 0.0337806275 0.03508995415865385
0 0.8589941145638119 0.7957770267529877 0.06127648709134615 0.058395968485576925
0 0.804127487833707 0.5134997356611444 0.06965617764423077 0.10558992007211539
0 0.6386447215525322 0.7888490311560706 0.035788261706730766 0.10081815185096153
