0 0.7892843395088585 0.10885914802722844 0.1511637013701923 0.05624695865384615
0 0.7247417432130058 0.042077152141532265 0.07382413322115385 0.0656214517548077
0 0.5745356759673458 0.18184768287360747 0.04109387483173077 0.08414460084134616
0 0.5233398349642312 0.5873990716435721 0.06383587024038462 0.11581650745192308
0 0.43858391034815314 0.3877557020197507 0.08218774966346154 0.042072300432692306
0 0.43904996105702765 0.5276439180725601 0.11764038944711538 0.0966657463701923
0 0.3856455121133045 0.24261522296060253 0.07113139826923078 0.057452283221153845
0 0.28158305893390007 0.020343956597257504 0.11251894300480769 0.03130961891826923
0 0.13566684944145238 0.20292836354968932 0.06344869528846155 0.06425184334134616
0 0.08925372511808306 0.12499017869862926 0.06201198824519231 0.07021945725961538
0 0.08304424214973763 0.27680833020782303 0.04979517858173077 0.05622036290865384
