0 0.7837476673437501 0.5594476051092132 0.08399219000000001 0.06778317086538461
0 0.6930802376684719 0.535125221099644 0.04715351016826923 0.060415434903846155
0 0.6650757584391755 0.6809851401425261 0.04125932139423077 0.04273286858173077
0 0.6459231867617709 0.9138445605130131 0.04420641579326923 0.07515090682692308
0 0.40653375583837015 0.8334990456560014 0.09578056752403846 0.04420641579326923
0 0.34610769445237366 0.6574190116367244 0.086939284375 0.051574151754807694
0 0.20757300508179427 0.6927806020641296 0.06925671805288461 0.04862705735576923
0 0.19356545136068665 0.7384818181174013 0.061888982091346155 0.06630962367788461
0 0.17289328441042226 0.6456270917275911 0.026523849471153847 0.04862705735576923
0 0.10289802169745646 0.6316372488140831 0.025050302283653847 0.05599479331730769
