0 0.8489512162146069 0.31756667042665376 0.08391598055288461 0.15104876497596154
0 0.827935240934698 0.6923241430384096 0.05314678766826923 0.09510477795673077
0 0.7483596250357979 0.91184041387051 0.17342635978365387 0.041957990264423074
0 0.6097200711107683 0.6489641912002474 0.025174794158653847 0.09230757860576923
0 0.45454610804152995 0.35659970465098 0.08391598055288461 0.04475518961538461
0 0.34545533400306816 0.39859131511195806 0.08391598055288461 0.07272718314903846
0 0.22791916900350137 0.395800839701744 0.03916079091346154 0.07832158185096152
0 0.1314594977193511 0.7063034158043927 0.0755243825 0.08951037925480769
0 0.8489512162146069 0.31756667042665376 0.08391598055288461 0.15104876497596154
0 0.827935240934698 0.6923241430384096 0.05314678766826923 0.09510477795673077
0 0.7483596250357979 0.91184041387051 0.17342635978365387 0.041957990264423074
0 0.6097200711107683 0.6489641912002474 0.025174794158653847 0.09230757860576923
0 0.45454610804152995 0.35659970465098 0.08391598055288461 0.04475518961538461
0 0.34545533400306816 0.39859131511195806 0.08391598055288461 0.07272718314903846
0 0.22791916900350137 0.395800839701744 0.03916079091346154 0.07832158185096152
0 0.1314594977193511 0.7063034158043927 0.0755243825 0.08951037925480769
