0 0.9105470571618147 0.8741304267171608 0.06829328862980769 0.08443533867788461
0 0.88010311501956 0.8549304015018547 0.04966784627403846 0.12292791954326923
0 0.7992003538373418 0.09839121167281119 0.14776184266826922 0.09312721177884614
0 0.6588439152259095 0.44913008061962595 0.11051095795673077 0.05960141552884615
0 0.6345815902100765 0.2721928554976137 0.06953498478365384 0.06332650401442308
0 0.6557441521231276 0.4074929640015658 0.1142360464423077 0.026075619302884614
0 0.6215303487732875 0.45726826473869714 0.058359719375 0.11547774259615386
0 0.6215691518142392 0.30201445712763486 0.09064381944711539 0.0807102501923077
0 0.6060136241199962 0.20272353732560558 0.06208480783653846 0.11796113490384616
0 0.6153517165054375 0.5162204762207032 0.08319364252403846 0.091885515625
0 0.5393067698430853 0.7549305805540693 0.09064381944711539 0.08691873098557693
0 0.42412453862726507 0.008456293335365446 0.07822685788461539 0.16638728502403846
0 0.25034080390570107 0.31751924262316805 0.12292791954326923 0.06705159247596154
0 0.1906587975806098 0.24921699936962596 0.05587632706730769 0.05960141552884615
0 0.0708157169675712 0.40447677643335084 0.039734277019230775 0.09933569254807692
0 0.05874647830641509 0.5804588386365104 0.0707766809375 0.07574346557692307
0 0.03481846766379091 0.3703107306881297 0.04966784627403846 0.08319364252403846
0 0.7476191871194007 0.49578204415596694 0.10554417334134615 0.029800707764423076
0 0.6221676135181385 0.887940129783047 0.07201837709134616 0.1067858694951923
