0 0.9552979780409523 0.5704724497257246 0.032284100072115386 0.10926926180288461
0 0.8771576800326771 0.6107365370507523 0.1043024771875 0.03352579622596154
0 0.8355384725058073 0.6679172419769613 0.08567703483173077 0.08567703483173077
0 0.7677899182137312 0.7480200759618274 0.02235053082451923 0.09685230024038462
0 0.7591159542364324 0.7834009542180856 0.037250884711538465 0.09064381944711539
0 0.7163416109488546 0.750431831880663 0.09064381944711539 0.037250884711538465
0 0.6672692416523843 0.825609669149668 0.06953498478365384 0.08319364252403846
0 0.6610846396794392 0.5542647330419632 0.08940212329326923 0.05463463091346154
0 0.5840964930540695 0.619526909931005 0.08691873098557693 0.11547774259615386
0 0.5666978226555563 0.8094228464036208 0.07450176942307693 0.045942757812500006
0 0.44502353873639167 0.7541748294333915 0.08443533867788461 0.05215123858173077
0 0.46494141963702496 0.8280572432629322 0.1266530080048077 0.05339293475961538
0 0.2992003538373418 0.5983912116728112 0.14776184266826922 0.09312721177884614
0 0.13458159021007654 0.7721928554976137 0.06953498478365384 0.06332650401442308
0 0.15574415212312764 0.9074929640015659 0.1142360464423077 0.026075619302884614
0 0.1221676135181385 0.38794012978304704 0.07201837709134616 0.1067858694951923
0 0.12156915181423923 0.8020144571276349 0.09064381944711539 0.0807102501923077
0 0.10601362411999617 0.7027235373256056 0.06208480783653846 0.11796113490384616
