0 0.7574340419092351 0.6313960869266596 0.021176251483173078 0.10961824298076922
0 0.7282283624096534 0.6868265422249156 0.07723103483173076 0.10837258112980769
0 0.6867838781827272 0.3036975832814235 0.04851090802884615 0.09563579014423078
0 0.647833765353007 0.5292398374857852 0.036124193701923074 0.09965294817307693
0 0.47988105685743376 0.47574118149269595 0.07680018538461539 0.05352740192307692
0 0.4373824122054423 0.1628055910285977 0.11238710492788462 0.024555165793269232
0 0.22339449728281552 0.3504520901994439 0.05213078930288462 0.09952241593750001
0 0.23384537866699226 0.16995124427367447 0.10199838093750001 0.07649878569711538
0 0.15116837618542547 0.7317390020836316 0.08960021627403846 0.05120012358173077
0 0.11676333718666215 0.37584676793185445 0.05213078930288462 0.03435892930288462
0 0.053969540405013165 0.6864130186664432 0.060509236971153846 0.09774569048076923
