0 0.7485584437656884 0.2303660808843091 0.061947423052884615 0.09601850574519231
0 0.7238613761760067 0.10487787553112857 0.1300895884375 0.05885005189903846
0 0.6549095013851873 0.3047178797840874 0.10066456247596153 0.10840799036057693
0 0.5937085000827189 0.2124947705309264 0.07743427882211538 0.04491188173076924
0 0.5139716682814521 0.1738185819163451 0.09446982016826923 0.07898296439903846
0 0.4807065721934807 0.47811482237145775 0.12079747497596155 0.061947423052884615
0 0.3582673415819157 0.47655496840097994 0.04336319615384616 0.05265530961538462
0 0.343597640810576 0.5323188175637654 0.07898296439903846 0.061947423052884615
0 0.3397687390897455 0.6345618480556292 0.11460273266826923 0.08672639228365385
0 0.28706503305008224 0.26281774477625736 0.07433690766826923 0.03716845384615385
0 0.2738844530378313 0.378267414881397 0.06039873747596154 0.09756719132211539
0 0.2684770833251377 0.46887482813606546 0.07123953651442308 0.10531061920673078
0 0.25453146752909445 0.22104046220596224 0.06504479420673077 0.06814216536057692
0 0.21896009568414268 0.6175635347281514 0.10531061920673078 0.11770010382211539
0 0.16162522412118052 0.053801033907607924 0.07743427882211538 0.08362902112980769
0 0.06337489887270599 0.46493051956938786 0.15331987209134615 0.04491188173076924
