0 0.19221548288871826 0.5466063738760575 0.07374782341346155 0.1413499948798077
0 0.8787872333694872 0.08740897252522302 0.07374782341346155 0.12905869098557693
0 0.623750063972789 0.705010060602435 0.07989347536057692 0.09833043122596154
0 0.4915816140692319 0.30249201755657124 0.04916521560096154 0.11676738706730769
0 0.33796986173487187 0.2778650901747121 0.07374782341346155 0.07989347536057692
0 0.3595313497681097 0.025863813674966617 0.11676738706730769 0.05531086757211538
0 0.31036613414310976 0.3485474741433988 0.11676738706730769 0.08603912730769231
0 0.23035447306592938 0.1365150952227892 0.018436955853365387 0.07989347536057692
0 0.2734774491384291 0.08422534757416679 0.10447608317307691 0.03687391170673077
0 0.15057918342195614 0.7971357470019241 0.11676738706730769 0.04916521560096154
