0 0.2782345528183941 0.1693365779726215 0.046778704903846155 0.11402309322115384
0 0.21769361819208785 0.47561390309004037 0.10908423581730771 0.07020847091346154
0 0.05169236768462225 0.0070237489380026935 0.08186273360576922 0.07309172641826923
0 0.01488177419352732 0.28129204185884915 0.06585461901442308 0.0727413765625
0 0.870407147598465 0.6400635008668581 0.10218820192307693 0.09617713122596154
0 0.77321131323352 0.7051762087025585 0.08816237028846154 0.09016606052884615
0 0.5357475294563898 0.44273132052194086 0.06612177771634616 0.12222510425480769
0 0.2863675687685489 0.5158587891749493 0.1322435554326923 0.1162140335576923
0 0.08288987311927938 0.028597377194751954 0.06389545524038462 0.050507836033653844
0 0.52076079347558 0.19410552496795802 0.1001845116826923 0.11421034334134615
0 0.43563044960847935 0.10787459657009876 0.12222510425480769 0.05409963632211538
