0 0.9358775536523438 0.3842929991850615 0.05638287875 0.06489350197115384
0 0.9212956692009813 0.8574430017999665 0.04829960521634616 0.07003442757211539
0 0.9029014460511624 0.4321703692951414 0.0585105345673077 0.0691488135576923
0 0.7705157948020004 0.5550196533765978 0.09558084526442306 0.02291321632932692
0 0.6985295820652273 0.525960312939222 0.11783939826923076 0.0837969054326923
0 0.6791753107717731 0.482667553268598 0.08314224211538461 0.013093266473557692
0 0.616931936273316 0.6709973528706892 0.041243789399038465 0.10801944841346155
0 0.6120683857277412 0.5966340513691522 0.07986892548076924 0.05891969913461538
0 0.5705618744218633 0.8206508356980977 0.08331681899038462 0.10022168081730769
0 0.5560719926910943 0.7372701591287213 0.08331681899038462 0.047092115096153846
