0 0.5370971595652851 0.04008393290030378 0.0853613783173077 0.029249703052884615
0 0.746814577971755 0.2386978026463685 0.0419313925 0.10183338177884615
0 0.7507931294265728 0.9147592350800895 0.05441271290865384 0.024795666634615385
0 0.735834284267116 0.4307453454863168 0.06739913024038462 0.03418796461538462
0 0.699205496261095 0.3673097649111558 0.06837592923076924 0.08107431608173078
0 0.6468072957575869 0.9454284757722932 0.0695656203125 0.040637342548076924
0 0.613866720729995 0.06130439728870986 0.07068434735576924 0.03234707420673077
0 0.582479191187766 0.50745576521311 0.06935272822115385 0.06056153730769231
0 0.561767829501202 0.20927815029068636 0.083862785 0.04552551185096154
0 0.5272489569995262 0.7511588947288451 0.03516476360576923 0.05372394439903846
0 0.31680865062745583 0.4439614828237391 0.08498151204326923 0.058607939350961535
