0 0.8521355006805315 0.5038249722152657 0.09656534620192307 0.048282673100961536
0 0.7533069040808467 0.42482751294583837 0.039504005264423075 0.0570613409375
0 0.6435735562443085 0.09780630894132508 0.039504005264423075 0.04389333918269231
0 0.6326265995370862 0.41165951102276127 0.06145067485576923 0.0570613409375
0 0.5799756951809243 0.14834168115659085 0.07900801052884615 0.09217601228365384
0 0.46808460973312105 0.367766171840069 0.10973334795673077 0.0570613409375
0 0.4175492375178556 0.0649126827629496 0.06145067485576923 0.06584000877403846
0 0.3269305942193854 0.05400793128571101 0.07900801052884615 0.12290134971153846
0 0.13816813391208618 0.02102989488775319 0.06145067485576923 0.07461867661057692
0 0.13169492131867708 0.24704366230670985 0.15362668713942307 0.04389333918269231
0 0.08331728623390698 0.11764799757907873 0.07461867661057692 0.11851201579326923
