0 0.8708298916121658 0.49296105391003486 0.11729391132211539 0.09707082314903846
0 0.8085141024528185 0.6994197710481 0.1155322907451923 0.09953551201923078
0 0.5474501455252057 0.7596441951294091 0.07363001697115384 0.10553635766826923
0 0.4964150562332423 0.07522603923987013 0.1564637860576923 0.1196487775721154
0 0.35356366724129756 0.6049621610933743 0.07853868475961538 0.0564496796875
0 0.3339466956348234 0.7117522350297592 0.09326468817307693 0.07853868475961538
0 0.18200992020230455 0.538569682874503 0.1457484283173077 0.10486777158653847
0 0.8708298916121658 0.49296105391003486 0.11729391132211539 0.09707082314903846
0 0.8085141024528185 0.6994197710481 0.1155322907451923 0.09953551201923078
0 0.5474501455252057 0.7596441951294091 0.07363001697115384 0.10553635766826923
0 0.4964150562332423 0.07522603923987013 0.1564637860576923 0.1196487775721154
0 0.35356366724129756 0.6049621610933743 0.07853868475961538 0.0564496796875
0 0.3339466956348234 0.7117522350297592 0.09326468817307693 0.07853868475961538
0 0.18200992020230455 0.538569682874503 0.1457484283173077 0.10486777158653847
