0 0.9324009562946096 0.9034091375278811 0.06522011711538461 0.04076257319711539
0 0.91307317748356 0.34903886946641555 0.028322996322115383 0.11082911605769231
0 0.9158612399363212 0.245437136908313 0.060110707019230776 0.06612177771634616
0 0.7745441827637587 0.640265757467496 0.034480169447115384 0.10467194295673078
0 0.7647519093321529 0.43025435107109866 0.08373755435096154 0.06157173115384615
0 0.7174378822414134 0.3940261956981843 0.1637808048557692 0.1440778508894231
0 0.6750620162444239 0.8457662117042459 0.10481804536057693 0.04658579793269231
0 0.6400210083673201 0.07351473476100244 0.11661477161057691 0.06131292115384615
0 0.5061032756687718 0.4832415620097251 0.04433164641826923 0.09112616209134615
0 0.5258565526966417 0.6180555315796336 0.08620042360576924 0.0677289042548077
0 0.49927525573701576 0.19555536464748402 0.044481923197115386 0.07453727670673077
0 0.4253867701440284 0.2616511329833696 0.08415498983173077 0.052897422163461535
0 0.3755136678048724 0.2484498971014585 0.09978377365384615 0.07213284841346154
0 0.3233284799731591 0.5484483933740235 0.12191202766826924 0.0418687771875
