0 0.8624417913198327 0.6141726339779292 0.09850500810096154 0.022185812637019235
0 0.8180125682966491 0.6648330839098905 0.0505836528125 0.08608095302884615
0 0.7620915208686785 0.7651641551001123 0.03993446274038462 0.12867771329326924
0 0.7102524497002707 0.7477365591889041 0.102942170625 0.02662297516826923
0 0.6654061760432459 0.8325236952678616 0.07720662798076924 0.057683112860576924
0 0.5819896538136791 0.6195761592764769 0.07898149298076923 0.08785581802884615
0 0.585687203324762 0.3775149898066811 0.08887054620192308 0.05695570915865385
0 0.572212963471044 0.80679241933039 0.06655743790865384 0.061232842884615384
0 0.48114368673163566 0.4555717884967583 0.12127638072115385 0.04713575930288461
0 0.46334077864292483 0.8367098117989552 0.10752845091346154 0.051554736730769234
0 0.4564360870259338 0.7442081617010388 0.09406784557692308 0.04437162526442307
0 0.44773697260930007 0.3230366935022767 0.10556446093750001 0.07561361389423077
0 0.30461781296877916 0.6091978614994569 0.07702114002403845 0.06510626754807693
0 0.13232472529562644 0.7857092701156562 0.048445085961538466 0.03983262622596154
0 0.16160685052003393 0.9170922257687687 0.14076716266826922 0.05665019961538462
0 0.11966284426873373 0.390041465114356 0.059746211586538464 0.08580999514423077
0 0.1056676353846444 0.7913967801400704 0.03821779002403846 0.06943795653846153
0 0.11160552267679247 0.6999178623326553 0.05221303709134616 0.09312222076923077
0 0.021801240868302853 0.35474643684136936 0.04130107242788462 0.07859233201923077
