0 0.8307060354728816 0.11356016707715999 0.0571260434375 0.10282687819711539
0 0.7482754306555682 0.36240568498249126 0.05222952543269231 0.05222952543269231
0 0.6830002941363487 0.303698474260615 0.062022561442307694 0.09466601483173077
0 0.7059409520123252 0.11024089268442011 0.1371025042548077 0.0571260434375
0 0.5940566924817401 0.20000254267159193 0.07018342480769231 0.05059735276442308
0 0.5279438905305796 0.16572299314594713 0.062022561442307694 0.04733300742788461
0 0.479037563006657 0.4774875902934022 0.11098774153846154 0.06365473411057693
0 0.44228425164842616 0.5900996575882663 0.08650515149038461 0.0571260434375
0 0.363094450867118 0.480728394822225 0.062022561442307694 0.044068662091346154
0 0.341077775667645 0.5305233934023669 0.07671211548076923 0.05549387076923077
0 0.3304941560098468 0.6202928902773669 0.09793036019230769 0.05549387076923077
0 0.3289147347264179 0.7097542876001122 0.09927450237980769 0.057030033293269236
0 0.296187142004178 0.25143363741199387 0.07181559747596154 0.06528690677884616
0 0.27084726883581056 0.22855183206017124 0.037539971394230764 0.0391721440625
0 0.2765736054087696 0.21551014459787574 0.048965180096153846 0.05222952543269231
0 0.2782097015690298 0.4767087771452305 0.05222952543269231 0.09466601483173077
0 0.2675829236435028 0.3616386422862545 0.037539971394230764 0.09303384216346154
0 0.30152183676948496 0.6738464888020352 0.15419231221153848 0.057030033293269236
0 0.20558390302095872 0.2204302035426395 0.0571260434375 0.07181559747596154
0 0.2203283860675446 0.6195297711572842 0.10282687819711539 0.09956253286057692
0 0.16400469660997008 0.06295889062843811 0.09140166949519231 0.09956253286057692
0 0.06450101620143202 0.45541206256977507 0.14036684959134615 0.029379108052884614
