0 0.49315757238824404 0.9093594984288612 0.11460690701923076 0.0458427628125
0 0.21690984912112282 0.4870051129817228 0.11860593877403845 0.05151571079326923
0 0.07252592073794019 0.5518553731276004 0.08535720396634616 0.052897422163461535
0 0.8554807033947103 0.5001518284624916 0.14117667439903847 0.06241495079326923
0 0.6919808243747403 0.5492385867757839 0.11442740978365386 0.10105277745192308
0 0.6057208757091633 0.6198465714787122 0.05795674002403846 0.11739955028846152
0 0.5811882133512276 0.3784012359449542 0.047554248221153846 0.15157916620192308
0 0.013605826384725473 0.6539940369298954 0.12780204209134616 0.09065028567307692
0 0.7609749673401672 0.09776973620937736 0.060110707019230776 0.06386762620192309
0 0.6193345381588616 0.6071456640373346 0.12142362817307693 0.0432797090625
0 0.34886525610695396 0.7351829148716315 0.14546791098557693 0.044481923197115386
0 0.20216912155822384 0.4995980724206327 0.1238280564423077 0.08535720396634616
