0 0.7653267357051763 0.7069092751285133 0.09414963670673077 0.06904306692307692
0 0.720008264381992 0.40768737116904347 0.046489225817307696 0.10118243264423077
0 0.6355440768014691 0.7016963425552423 0.039752068822115384 0.08368856596153845
0 0.5958272133496668 0.6137881427979384 0.06904306692307692 0.05439756788461539
0 0.5490689851242953 0.5047579527903973 0.027346603413461536 0.09297845161057693
0 0.4752594506323966 0.44321166070901913 0.04922388615384616 0.07930514990384616
0 0.7653267357051763 0.7069092751285133 0.09414963670673077 0.06904306692307692
0 0.720008264381992 0.40768737116904347 0.046489225817307696 0.10118243264423077
0 0.6355440768014691 0.7016963425552423 0.039752068822115384 0.08368856596153845
0 0.5958272133496668 0.6137881427979384 0.06904306692307692 0.05439756788461539
0 0.5490689851242953 0.5047579527903973 0.027346603413461536 0.09297845161057693
0 0.4752594506323966 0.44321166070901913 0.04922388615384616 0.07930514990384616
