0 0.8538129574855251 0.7362676904267695 0.13082023795673076 0.06651876507211539
0 0.7305960062499999 0.39694203822115387 0.0 0.0
0 0.7542641924102315 0.235925175564355 0.0496787153125 0.06721237954326922
0 0.6338217947428866 0.2370801791178868 0.08213077608173076 0.08213077608173076
0 0.5200438607857573 0.6664416421517315 0.07538793375 0.08203981024038462
0 0.5292126864476528 0.4304530662948987 0.11657271444711538 0.05563697735576923
0 0.46903548081138446 0.8006011435589926 0.06651876507211539 0.09312627108173076
0 0.4424866050394093 0.7151954198660551 0.11529919278846154 0.0598668885576923
0 0.4100288043424673 0.05290688140350523 0.1483652729326923 0.04768883771634615
0 0.2806349369368585 0.6198625166673504 0.12416836146634616 0.06873605723557692
0 0.2684424949082088 0.5765960041987854 0.1263856536298077 0.04434584338942308
0 0.21179760915749815 0.6443166907323062 0.03991125903846154 0.12195106927884615
