0 0.9153516975805517 0.6273256245562707 0.05594398701923077 0.1258739708173077
0 0.7643298288844362 0.7643413243027689 0.07832158185096152 0.08671317990384615
0 0.7223583905221721 0.4412883333237506 0.06713278444711539 0.10629357536057693
0 0.6314594977193511 0.20630341580439282 0.0755243825 0.08951037925480769
0 0.49158608195324077 0.09296641177760377 0.06433558509615384 0.04755238896634616
0 0.46931607178404644 0.33349865981269056 0.15384596432692307 0.025174794158653847
0 0.34896253519063186 0.2860269592290934 0.09230757860576923 0.09230757860576923
0 0.6790274641217 0.8609018562726803 0.08951037925480769 0.1342655688701923
0 0.47057895906281766 0.589513002993453 0.041957990264423074 0.08391598055288461
0 0.32793524093469784 0.1923241430384096 0.05314678766826923 0.09510477795673077
0 0.3461809145737508 0.44542697826486793 0.10629357536057693 0.05874118637019231
0 0.24835962503579787 0.41184041387051 0.17342635978365387 0.041957990264423074
0 0.10972007111076827 0.14896419120024743 0.025174794158653847 0.09230757860576923
