0 0.8732894188751328 0.043154616907706285 0.04423887411057692 0.12979518721153846
0 0.8225498342911255 0.44014733486076746 0.04499992021634615 0.06576911415865384
0 0.7814929523423633 0.01402804962838623 0.06093278884615384 0.02921435081730769
0 0.7152404831747525 0.4116525629393664 0.043461461394230766 0.03807685555288461
0 0.6075771751453286 0.7192251092505315 0.07423882091346154 0.060591136442307694
0 0.5662926265994535 0.6192589220776803 0.040327260745192314 0.04857601862980769
0 0.5736788340080958 0.6964417608654366 0.08523716473557694 0.01970536604326923
0 0.43688858505735156 0.5887683712297462 0.08661195771634615 0.03528635314903846
0 0.438278800299123 0.581864232973835 0.09944335887019232 0.051884114230769225
0 0.3643430846899272 0.0875931456728747 0.03427526201923077 0.11775210983173076
0 0.36946054449342997 0.24403942507616036 0.05446798853365385 0.042422183365384614
0 0.34992671282151466 0.24350688159153694 0.0337806275 0.03508995415865385
0 0.35899411456381186 0.2957770267529876 0.06127648709134615 0.058395968485576925
0 0.304127487833707 0.013499735661144317 0.06965617764423077 0.10558992007211539
0 0.13864472155253213 0.2888490311560707 0.035788261706730766 0.10081815185096153
0 0.08083405176737578 0.6639738238508056 0.08020444045673078 0.05995079387019231
0 0.8732894188751328 0.043154616907706285 0.04423887411057692 0.12979518721153846
0 0.8225498342911255 0.44014733486076746 0.04499992021634615 0.06576911415865384
0 0.7814929523423633 0.01402804962838623 0.06093278884615384 0.02921435081730769
0 0.7152404831747525 0.4116525629393664 0.043461461394230766 0.03807685555288461
0 0.6075771751453286 0.7192251092505315 0.07423882091346154 0.060591136442307694
0 0.5662926265994535 0.6192589220776803 0.040327260745192314 0.04857601862980769
0 0.5736788340080958 0.6964417608654366 0.08523716473557694 0.01970536604326923
0 0.43688858505735156 0.5887683712297462 0.08661195771634615 0.03528635314903846
0 0.438278800299123 0.581864232973835 0.09944335887019232 0.051884114230769225
0 0.3643430846899272 0.0875931456728747 0.03427526201923077 0.11775210983173076
0 0.36946054449342997 0.24403942507616036 0.05446798853365385 0.042422183365384614
0 0.34992671282151466 0.24350688159153694 0.0337806275 0.03508995415865385
0 0.35899411456381186 0.2957770267529876 0.06127648709134615 0.058395968485576925
0 0.304127487833707 0.013499735661144317 0.06965617764423077 0.10558992007211539
0 0.13864472155253213 0.2888490311560707 0.035788261706730766 0.10081815185096153
0 0.08083405176737578 0.6639738238508056 0.08020444045673078 0.05995079387019231
