0 0.735040470694486 0.13006695502747664 0.06313028781249999 0.04340207286057692
0 0.6708697201450398 0.846612171011378 0.05600084067307692 0.08736131146634615
0 0.6778665863241667 0.2000807775473836 0.09469543170673077 0.025646679423076926
0 0.6107384897101514 0.21595345421415618 0.05129335884615385 0.10061389617788462
0 0.6295253463187925 0.1261118273280037 0.08877696723557693 0.035510786899038464
0 0.4726836663049531 0.31949101498049765 0.08680414572115384 0.07102157377403846
0 0.47382753153785456 0.9216129121839464 0.1232018494951923 0.053760807043269236
0 0.44900032370163434 0.19221794576605247 0.07891285975961539 0.04932053735576923
0 0.4421357585157986 0.3648184858219882 0.11245082514423076 0.03156514389423077
0 0.32271129394450365 0.35304794971841486 0.05523900182692308 0.08680414572115384
0 0.2665024794498602 0.3480898131962775 0.06904875228365384 0.06510310930288461
0 0.23096798086220643 0.4655082596414743 0.04932053735576923 0.09469543170673077
0 0.1866008379096074 0.5365298334395512 0.06707593079326923 0.09469543170673077
0 0.17870006716924 0.592724420796014 0.0591846448076923 0.06904875228365384
0 0.18565947961440227 0.41911138699435446 0.10455953918269231 0.06510310930288461
0 0.1599748613284427 0.6657567549353101 0.07299439526442307 0.10061389617788462
0 0.12146927449863056 0.6292382166379092 0.04340207286057692 0.08285850274038462
