0 0.9130411789332066 0.7144167015002947 0.06332058242788462 0.1466371382451923
0 0.8696965417202521 0.6435916207030096 0.04665727125 0.14163814490384616
0 0.7281505257122838 0.5577375148842282 0.12330850262019231 0.10997785367788461
0 0.6539246874895409 0.8077032047988222 0.061654251298076924 0.12330850262019231
0 0.6105920671837153 0.8318790256255203 0.05498892685096154 0.1349728204326923
0 0.6173174756734816 0.7177093076152805 0.10497886033653847 0.11331051591346154
0 0.7695393783950284 0.6711321485103089 0.06665324466346154 0.1799637605769231
0 0.7738871399900608 0.050618672741106825 0.10309035173076923 0.11730971060096153
0 0.7362488064720669 0.7901726804130162 0.09664720475961538 0.09498087362980769
0 0.6121171523561734 0.4318634231933306 0.10497886033653847 0.05498892685096154
0 0.4913421940496718 0.5768302246930473 0.13330648932692307 0.05165626461538461
0 0.3372285964923204 0.7184563527498905 0.15163613161057693 0.04165827790865385
0 0.26385795446222615 0.6176573399227419 0.10831152257211539 0.053322595721153845
0 0.20719468534627528 0.5285506839052675 0.10164619810096154 0.0883155491826923
0 0.1271507076257399 0.49442494361556366 0.05165626461538461 0.11664317814903846
0 0.14471728243230514 0.5851738971049257 0.10997785367788461 0.061654251298076924
0 0.1598419871252079 0.00794777817483937 0.14752584817307693 0.10664519146634616
