0 0.8399014524623531 0.7561745182539467 0.11028479867788461 0.07181335728365384
0 0.7667656395827075 0.5792058877251004 0.0769428828125 0.07181335728365384
0 0.6333424882850061 0.7665137180757959 0.030777153124999998 0.1384971890625
0 0.6508266617624645 0.12800496169664746 0.0946748963701923 0.05629318161057692
0 0.5128294650970205 0.7690229932204029 0.05642478072115385 0.09233145937500001
0 0.507767757838272 0.6471505224614866 0.1128495614423077 0.053860017956730774
0 0.42954557619496025 0.4637669024221063 0.11541432420673077 0.051295255192307695
0 0.19999006128117464 0.45737657393571995 0.1077200359375 0.06924859451923077
0 0.13453620574400782 0.815182557468565 0.06411906901442307 0.08720193384615384
0 0.08064536137186808 0.47663387333394974 0.03847144139423077 0.08720193384615384
0 0.0533597822397373 0.019544395795060437 0.07223674346153847 0.11185044149038462
0 0.03709371683362616 0.8485059776289469 0.07950764557692308 0.07181335728365384
0 0.006353555587353412 0.6343205432120814 0.11028479867788461 0.048730492451923076
