0 0.9677302936263694 0.5181369110780903 0.025239967139423076 0.08908223697115385
0 0.8452761231877253 0.26718982256717483 0.0534493421875 0.06235756588942308
0 0.8512613359553842 0.09198761848566364 0.09205164487980769 0.05641875007211539
0 0.7836341419266014 0.40756394122584594 0.031178782932692307 0.12026101990384615
0 0.6898225551234574 0.8587395283313491 0.10367809271634616 0.05701231168269231
0 0.6753399786423183 0.39266693580447953 0.10541398040865385 0.07868930932692307
0 0.6969235052798803 0.3993677331763995 0.15143980286057693 0.09502105276442308
0 0.6411934797748996 0.8543006865445293 0.09084852271634616 0.06638930504807691
0 0.636759089901217 0.497326072790484 0.12323042781249999 0.06829638168269231
0 0.5342467062713226 0.15505006189560033 0.06681167774038461 0.025239967139423076
0 0.5419185023126327 0.6810065475713641 0.11231273411057693 0.069259519375
0 0.5120011301358518 0.46764983873939653 0.08759753302884615 0.08314342117788462
0 0.4756169607371025 0.38150488867797133 0.08017401326923078 0.05641875007211539
0 0.4443846429384417 0.038613225427838356 0.03563289478365385 0.11877631596153847
0 0.4103078319744765 0.5322326760663889 0.09502105276442308 0.08165871723557692
0 0.35609650840063306 0.5039697659600362 0.07868930932692307 0.03711759875
0 0.3241521748533423 0.1914770590885609 0.059388157980769234 0.06829638168269231
0 0.24279462117204823 0.715089120125653 0.05970671514423077 0.06717005454326923
0 0.1475544918745955 0.6398576518770226 0.12768453966346155 0.06829638168269231
0 0.02333605103275824 0.6885255610624884 0.052412609254807695 0.09546582399038463
