0 0.6780709692476137 0.8670205799151431 0.06164322401442308 0.07260201939903846
0 0.6458121192281983 0.5605099654245446 0.06747776786057692 0.031039773221153845
0 0.6357374929365356 0.6111572209636764 0.10661487319711539 0.06342910177884616
0 0.5891437690633377 0.5615440299405396 0.07827421069711539 0.049258770528846155
0 0.567215928778546 0.3972478306318475 0.08029854374999999 0.05938043569711538
0 0.5580280341475878 0.7900669835908029 0.10091224079326923 0.06118660754807692
0 0.48991414235276465 0.4151221397435224 0.047234437500000004 0.05330743661057692
0 0.4743780367715367 0.427980223184865 0.03373888391826923 0.08434720980769231
0 0.4224963918698285 0.3355519018430161 0.09716798569711539 0.09784276338942308
0 0.3627615359428455 0.42219838419728284 0.08299765444711538 0.04588488213942307
0 0.36853688727247236 0.3085607946314776 0.1160617606971154 0.09784276338942308
0 0.3246146995518504 0.4252713800332553 0.06477865713942307 0.07624987766826924
0 0.2517451975463435 0.7221751807368134 0.07017687855769231 0.07759943302884616
0 0.21087978542905167 0.43306781961922725 0.035763216971153845 0.10661487319711539
0 0.18698276226218663 0.26496707468192376 0.08367243213942308 0.03913710536057692
0 0.04456087552584151 0.34529643753261957 0.047234437500000004 0.06477865713942307
0 0.06183177823808491 0.7015498547124053 0.10054187408653846 0.040486660721153846
0 0.02055855870125831 0.883910158685628 0.027239709447115384 0.09848202644230769
0 0.01695662815030957 0.3317879076373542 0.09851754105769231 0.053982214278846155
