0 0.6984039525285162 0.4652711144322935 0.05230535372596154 0.07950413766826923
0 0.44881825324302493 0.25727447870426334 0.06563184819711539 0.09571311194711538
0 0.4241931625562829 0.09588350265284075 0.05469320682692307 0.057427867163461536
0 0.4222316857015937 0.5343141812592167 0.05230535372596154 0.07950413766826923
0 0.4310856903998126 0.6838420496849286 0.10118243264423077 0.06289718786057692
0 0.4365813068694528 0.21893664433472404 0.12305971538461538 0.05195854649038461
0 0.36269946182764534 0.4199243187445393 0.08477447060096154 0.043754565456730767
0 0.23550817304990918 0.19709880389495302 0.06016252752403846 0.08477447060096154
0 0.1493433635037505 0.2805158047134744 0.04101990512019231 0.09297845161057693
0 0.11651429204777632 0.3858035147619558 0.03008126375 0.09571311194711538
0 0.05917845809292953 0.7344299792999086 0.1066517533173077 0.06016252752403846
