0 0.7809428257511729 0.8084943370663252 0.16240535497596154 0.04389333918269231
0 0.662304193715069 0.41573863724254 0.0570613409375 0.11851201579326923
0 0.5942642439026674 0.8260938778732319 0.05267200701923077 0.07900801052884615
0 0.5767913183049418 0.6812353073349666 0.12290134971153846 0.0702293426923077
0 0.17735137997821504 0.36296111743681253 0.114122681875 0.030725337427884615
0 0.09392238158457353 0.3849183384558469 0.08778667836538462 0.039504005264423075
0 0.0983539207087878 0.5429660132917958 0.12290134971153846 0.06584000877403846
0 0.7809428257511729 0.8084943370663252 0.16240535497596154 0.04389333918269231
0 0.662304193715069 0.41573863724254 0.0570613409375 0.11851201579326923
0 0.5942642439026674 0.8260938778732319 0.05267200701923077 0.07900801052884615
0 0.5767913183049418 0.6812353073349666 0.12290134971153846 0.0702293426923077
0 0.17735137997821504 0.36296111743681253 0.114122681875 0.030725337427884615
0 0.09392238158457353 0.3849183384558469 0.08778667836538462 0.039504005264423075
0 0.0983539207087878 0.5429660132917958 0.12290134971153846 0.06584000877403846
