0 0.8811689089147156 0.2924605658376189 0.11497684704326924 0.06998590689903847
0 0.8361659518754045 0.4524603978182208 0.10497886033653847 0.09664720475961538
0 0.8420401696439591 0.2699510762609212 0.13997181377403847 0.058321589086538464
0 0.7886815235380742 0.3907500681051511 0.10997785367788461 0.049989933485576926
0 0.7870232037117179 0.4340906996062837 0.11664317814903846 0.06332058242788462
0 0.728633519375231 0.12086851693417158 0.0599879201923077 0.10331252923076922
0 0.7420042243179376 0.2341469880665217 0.09331454252403847 0.07665123134615384
0 0.7028955131255201 0.19995315239468725 0.1349728204326923 0.04832360237980769
0 0.6587197132696929 0.10253887462647927 0.1199758403846154 0.10331252923076922
0 0.6136807057975742 0.29503016059610754 0.07998389358173076 0.12830749596153845
0 0.513748906058155 0.4265902067203102 0.1199758403846154 0.061654251298076924
0 0.4370576186635254 0.2650001500671459 0.08664921805288461 0.09831353586538462
0 0.42203660507772073 0.3466623917218416 0.06665324466346154 0.10831152257211539
0 0.4342182837411877 0.8996963664612612 0.13830548266826923 0.06831957576923077
0 0.32869802897986755 0.5883044370384154 0.04665727125 0.12830749596153845
0 0.33711380226941007 0.13002332416301646 0.11664317814903846 0.09498087362980769
0 0.2912556488091138 0.38416886134661615 0.0883155491826923 0.1199758403846154
0 0.2712356419420304 0.3841728670584378 0.06831957576923077 0.12330850262019231
0 0.2612977391457679 0.3407961851244973 0.11830950927884615 0.07998389358173076
0 0.27384529261681195 0.5257068661833743 0.15996778718750002 0.036659284567307694
0 0.23376121703824188 0.584935724345992 0.0833165558173077 0.09831353586538462
