0 0.7233131971870377 0.6734028066429942 0.07673205961538462 0.09493966697115384
0 0.6799667885893007 0.39248229055063094 0.05435844629807692 0.07514255812500001
0 0.5452129258411442 0.5322072227200733 0.12429140983173077 0.06463153310096154
0 0.49137920888723874 0.8272718426021636 0.1458352541826923 0.130920285
0 0.2472955610204502 0.72479146494496 0.06112553901442308 0.10924564420673076
0 0.2369037191058676 0.8586755284237473 0.07152988608173078 0.049420648557692314
0 0.2220053069125601 0.6076706553468241 0.11964999124999999 0.049420648557692314
0 0.17489356703925318 0.8004488946789767 0.08275240665865385 0.09826848290865384
0 0.09300938097604229 0.6952512238549949 0.08792443206730768 0.07068434735576924
0 0.01077380668436782 0.8711024913301765 0.13589194139423078 0.05965987670673077
