0 0.4647296707167915 0.4616263458974553 0.0793331463701923 0.0871364066826923
0 0.4080601849402795 0.6512800279708879 0.054688220312499994 0.14914969177884616
0 0.22331319718703765 0.1734028066429942 0.07673205961538462 0.09493966697115384
0 0.16163836140301419 0.8060201640472446 0.0900575273076923 0.0900575273076923
0 0.08000240390757887 0.4340491907578761 0.05516827110576923 0.08964844055288462
0 0.04384381271334148 0.774530503182929 0.09309645750000001 0.08102839819711538
0 0.04521292584114415 0.03220722272007328 0.12429140983173077 0.06463153310096154
0 0.4647296707167915 0.4616263458974553 0.0793331463701923 0.0871364066826923
0 0.4080601849402795 0.6512800279708879 0.054688220312499994 0.14914969177884616
0 0.22331319718703765 0.1734028066429942 0.07673205961538462 0.09493966697115384
0 0.16163836140301419 0.8060201640472446 0.0900575273076923 0.0900575273076923
0 0.08000240390757887 0.4340491907578761 0.05516827110576923 0.08964844055288462
0 0.04384381271334148 0.774530503182929 0.09309645750000001 0.08102839819711538
0 0.04521292584114415 0.03220722272007328 0.12429140983173077 0.06463153310096154
