0 0.9308949318835235 0.641868023763868 0.051205417091346156 0.11799509153846154
0 0.8118375206180949 0.015075293094489647 0.0935055442548077 0.04897909461538462
0 0.7917524526437106 0.5271669260809507 0.05343173956730769 0.08014760935096153
0 0.6693689370181904 0.8287881327249562 0.10686347913461539 0.042300127163461536
0 0.4945410772500519 0.13758725054589258 0.05565806204326924 0.10241083418269231
0 0.49120962103304733 0.3167714238844939 0.062337029495192306 0.07346864189903847
0 0.4144202264746092 0.8923105719401233 0.07792128687500001 0.10241083418269231
0 0.25519803088898974 0.40584037851779226 0.04452644963942308 0.08682657680288462
0 0.07711363930227794 0.3379027564357493 0.062337029495192306 0.05788438454326923
0 0.0626398673401675 0.6897045225411714 0.060110707019230776 0.0935055442548077
0 0.9308949318835235 0.641868023763868 0.051205417091346156 0.11799509153846154
0 0.8118375206180949 0.015075293094489647 0.0935055442548077 0.04897909461538462
0 0.7917524526437106 0.5271669260809507 0.05343173956730769 0.08014760935096153
0 0.6693689370181904 0.8287881327249562 0.10686347913461539 0.042300127163461536
0 0.4945410772500519 0.13758725054589258 0.05565806204326924 0.10241083418269231
0 0.49120962103304733 0.3167714238844939 0.062337029495192306 0.07346864189903847
0 0.4144202264746092 0.8923105719401233 0.07792128687500001 0.10241083418269231
0 0.25519803088898974 0.40584037851779226 0.04452644963942308 0.08682657680288462
0 0.07711363930227794 0.3379027564357493 0.062337029495192306 0.05788438454326923
0 0.0626398673401675 0.6897045225411714 0.060110707019230776 0.0935055442548077
