0 0.8462006131388395 0.7665726468549775 0.11504690151442308 0.10124127334134615
0 0.6761198326601794 0.02830322789111642 0.07116993326923077 0.14911795540865386
0 0.6559077672193394 0.18927876546990566 0.17284126649038462 0.14572891096153845
0 0.6046021198696084 0.7412789220330704 0.11504690151442308 0.11504690151442308
0 0.496598238148865 0.0011664319937189204 0.15250699985576924 0.12878368877403845
0 0.21356822030169445 0.5179997826240353 0.11522751100961538 0.1321727331971154
0 0.23910418138195164 0.08584366254264532 0.21350979978365384 0.08811515548076923
0 0.14071598495712362 0.09614114381922609 0.12539464432692307 0.19656457759615384
0 0.1318616800464298 0.8114381731073467 0.20018160862980772 0.0989403353125
0 0.1295662732268167 0.8758201890466668 0.20478348471153845 0.06212532682692307
