0 0.7633960402918707 0.8384726437678556 0.17118402283653847 0.06145067485576923
0 0.7458176040109848 0.6607309981183259 0.15362668713942307 0.08339734444711538
0 0.6360103955796673 0.5927438031607108 0.09217601228365384 0.12290134971153846
0 0.4669841098736248 0.7265921096275482 0.06145067485576923 0.1009546801201923
0 0.5065830766891641 0.5597868693777447 0.1404586853846154 0.09217601228365384
0 0.4494689802478392 0.40843398387146357 0.09656534620192307 0.1580160210576923
0 0.36382948818622296 0.6805515841410874 0.0570613409375 0.1404586853846154
0 0.3286620602545129 0.4544639578100442 0.013168001754807692 0.10973334795673077
0 0.4430801781264447 0.8143787879929328 0.2589707012019231 0.1009546801201923
0 0.21018169831161593 0.6037118624829246 0.039504005264423075 0.11851201579326923
0 0.13783682338225806 0.45003241892621454 0.10534401403846154 0.07461867661057692
0 0.07417565471428314 0.6256901858765661 0.09217601228365384 0.1448480193028846
0 0.021461442513146002 0.5115464012904204 0.0570613409375 0.1272906836298077
