0 0.863829488186223 0.18055158414108738 0.0570613409375 0.1404586853846154
0 0.8419566773867706 0.5513606144937188 0.11851201579326923 0.06584000877403846
0 0.8002105245078472 0.8608350337480354 0.07900801052884615 0.08778667836538462
0 0.7101816983116159 0.1037118624829246 0.039504005264423075 0.11851201579326923
0 0.5675547242967014 0.8784134721803347 0.06145067485576923 0.10534401403846154
0 0.5741756547142831 0.12569018587656605 0.09217601228365384 0.1448480193028846
0 0.521461442513146 0.011546401290420468 0.0570613409375 0.1272906836298077
0 0.5303245205211895 0.9222540548255478 0.1272906836298077 0.06145067485576923
0 0.47099992920996697 0.47459475150725783 0.0702293426923077 0.10534401403846154
0 0.3898025273396761 0.2573279981946594 0.07461867661057692 0.10973334795673077
0 0.38545539867542866 0.090438347725274 0.10973334795673077 0.030725337427884615
0 0.370087454391873 0.3407358939733094 0.10534401403846154 0.11851201579326923
0 0.28443741078237644 0.7533543848094548 0.0570613409375 0.13606935146634616
0 0.27346935170054776 0.08628114212723055 0.06145067485576923 0.22385602985576922
0 0.2845218210019588 0.9375903454270007 0.1272906836298077 0.039504005264423075
0 0.18566157072017178 0.2551280555937962 0.04389333918269231 0.10534401403846154
0 0.16811478645074449 0.4812262332323351 0.05267200701923077 0.1448480193028846
0 0.14184209044956544 0.8497931157541202 0.10534401403846154 0.030725337427884615
0 0.15505229736224116 0.28809554092464285 0.1404586853846154 0.1448480193028846
0 0.10228532886400954 0.6655677064440702 0.06145067485576923 0.13606935146634616
0 0.04968718080494177 0.004946573487830535 0.12290134971153846 0.114122681875
0 0.023414485056195526 0.23316028350765075 0.1755733567548077 0.08778667836538462
