0 0.8970202272550214 0.6413804127018133 0.06092470617788462 0.05330911790865385
0 0.8466331100913291 0.07096957265382306 0.09084230598557694 0.045809367980769226
0 0.7220543621569318 0.053139679707869196 0.1226759345673077 0.06910226694711538
0 0.6567483898049763 0.13856004093325291 0.05124437774038461 0.07997228646634615
0 0.5363481112721605 0.8410450796787453 0.044605588437499996 0.07615588271634616
0 0.46074535252010895 0.5712147446319977 0.05222117673076923 0.05874882382211539
0 0.41890978722676475 0.019356577232283314 0.16537958266826921 0.062114397259615386
0 0.8970202272550214 0.6413804127018133 0.06092470617788462 0.05330911790865385
0 0.8466331100913291 0.07096957265382306 0.09084230598557694 0.045809367980769226
0 0.7220543621569318 0.053139679707869196 0.1226759345673077 0.06910226694711538
0 0.6567483898049763 0.13856004093325291 0.05124437774038461 0.07997228646634615
0 0.5363481112721605 0.8410450796787453 0.044605588437499996 0.07615588271634616
0 0.46074535252010895 0.5712147446319977 0.05222117673076923 0.05874882382211539
0 0.41890978722676475 0.019356577232283314 0.16537958266826921 0.062114397259615386
