0 0.643591922717473 0.008654214373439736 0.1138054309375 0.07310129870192307
0 0.477957498872677 0.03791407219703466 0.062406602067307686 0.05376568793269231
0 0.4424175852164616 0.11185112489243366 0.048965180096153846 0.0614465005048077
0 0.3707653493311991 0.5363026419275552 0.07287588355769231 0.04321709372596154
0 0.308346946674198 0.2545264227723973 0.06479433293269231 0.061471546634615376
0 0.23649069443073323 0.1498406822695545 0.06396363637019231 0.04651900826923077
0 0.2163826977210557 0.60484469237975 0.053435913918269226 0.05553143995192308
0 0.13099127101796537 0.48236220296092025 0.05448367694711539 0.1435435334855769
0 0.11216176054011441 0.6142947087959679 0.079629989375 0.07229564824519231
0 0.10747831037840347 0.7185206831428845 0.10582406483173078 0.05029262487980769
0 0.07285931341611962 0.4336679637533803 0.07020012221153846 0.0500143128125
0 0.643591922717473 0.008654214373439736 0.1138054309375 0.07310129870192307
0 0.477957498872677 0.03791407219703466 0.062406602067307686 0.05376568793269231
0 0.4424175852164616 0.11185112489243366 0.048965180096153846 0.0614465005048077
0 0.3707653493311991 0.5363026419275552 0.07287588355769231 0.04321709372596154
0 0.308346946674198 0.2545264227723973 0.06479433293269231 0.061471546634615376
0 0.23649069443073323 0.1498406822695545 0.06396363637019231 0.04651900826923077
0 0.2163826977210557 0.60484469237975 0.053435913918269226 0.05553143995192308
0 0.13099127101796537 0.48236220296092025 0.05448367694711539 0.1435435334855769
0 0.11216176054011441 0.6142947087959679 0.079629989375 0.07229564824519231
0 0.10747831037840347 0.7185206831428845 0.10582406483173078 0.05029262487980769
0 0.07285931341611962 0.4336679637533803 0.07020012221153846 0.0500143128125
