0 0.7844374107823764 0.25335438480945494 0.0570613409375 0.13606935146634616
0 0.7998475602959159 0.37844512586243756 0.09656534620192307 0.13168001754807693
0 0.7845218210019588 0.4375903454270006 0.1272906836298077 0.039504005264423075
0 0.7713432680117709 0.5122301244842997 0.11851201579326923 0.0570613409375
0 0.7472283096218566 0.6153530934511372 0.1404586853846154 0.03511467134615385
0 0.6527573932343002 0.5671231766713088 0.0570613409375 0.07900801052884615
0 0.6418420904495654 0.3497931157541202 0.10534401403846154 0.030725337427884615
0 0.6022853288640095 0.16556770644407026 0.06145067485576923 0.13606935146634616
0 0.611085099267463 0.5935119365741727 0.07900801052884615 0.12290134971153846
0 0.5475083408190702 0.9028597406193082 0.13606935146634616 0.039504005264423075
0 0.4903520381862228 0.3499197312036854 0.0570613409375 0.13606935146634616
0 0.45527957202197544 0.615395298440736 0.09217601228365384 0.0702293426923077
0 0.3916078520465052 0.3125629119786081 0.0702293426923077 0.09656534620192307
0 0.4092284954684035 0.28177426687401774 0.12290134971153846 0.04389333918269231
0 0.3696400799603595 0.13046358635733515 0.05267200701923077 0.1448480193028846
0 0.3433990378816683 0.04257139515737683 0.13168001754807693 0.0570613409375
0 0.2752746761669921 0.6680989593343774 0.0570613409375 0.09656534620192307
0 0.2643066170851631 0.9160699475319839 0.06145067485576923 0.07461867661057692
0 0.27975897182868537 0.3366462164460348 0.13606935146634616 0.048282673100961536
0 0.2336762413526256 0.5363345315667183 0.1404586853846154 0.026336003509615385
0 0.16335193703708645 0.7823166028446573 0.06145067485576923 0.1755733567548077
0 0.11954300807397583 0.3103629693777447 0.13168001754807693 0.09217601228365384
0 0.08437558038265079 0.8634717994729161 0.08778667836538462 0.13606935146634616
0 0.031650816874017655 0.4640002079448562 0.04389333918269231 0.1009546801201923
0 0.05806067939187311 0.10847471165619785 0.10534401403846154 0.10973334795673077
0 0.042808799262435374 0.5078935471275482 0.19752002634615387 0.1009546801201923
0 0.042851004252033996 0.8370935908775483 0.23263469769230768 0.1009546801201923
