0 0.7053137078837776 0.906879494225511 0.08186924930288461 0.075729055625
0 0.5831482555447661 0.09795218855301167 0.040678783245192314 0.09039729610576923
0 0.6019956017671448 0.46276833663510675 0.11666368026442307 0.10028983040865384
0 0.44982930538889143 0.6233995512336179 0.047779803557692305 0.09773141637019231
0 0.4846617845548548 0.4311866015007281 0.11727769963942307 0.09121598860576922
0 0.39230507491026045 0.3953282556794908 0.07166970533653846 0.07166970533653846
0 0.32277063402138617 0.6234256548183824 0.041264375793269234 0.11944950889423077
0 0.2619495335081706 0.6657889869052501 0.03257713879807692 0.13030855516826922
0 0.1338511364640636 0.10947780277205063 0.04083228810096154 0.10100618634615384
0 0.12408924252955703 0.44967047328350357 0.07384151459134615 0.11076227187500001
0 0.09263716353772743 0.2899772345199241 0.10641865338942308 0.05646704057692308
0 0.062221392579771835 0.6092175324099135 0.09773141637019231 0.04343618504807693
0 0.05243104447311859 0.8075958092872537 0.10233656163461538 0.0614019369951923
0 0.03096742688124099 0.7554312229453761 0.1248506051923077 0.08391598055288461
