0 0.8516591774364942 0.4134419044793306 0.042300127163461536 0.08682657680288462
0 0.7705188209120742 0.5035678269225567 0.14248463884615384 0.05343173956730769
0 0.5732340993912373 0.7644784788175216 0.0954507935096154 0.06836340617788461
0 0.5319611811714993 0.8225011755864575 0.0980305446875 0.050305147932692314
0 0.43578638294436467 0.6780816198264149 0.03224688971153846 0.08900141557692308
0 0.4308949318835235 0.14186802376386803 0.051205417091346156 0.11799509153846154
0 0.3229209673071721 0.46021608356569566 0.05343173956730769 0.10463715665865385
0 0.29175245264371075 0.027166926080950723 0.05343173956730769 0.08014760935096153
0 0.16936893701819045 0.32878813272495616 0.10686347913461539 0.042300127163461536
0 0.13256236751456163 0.431263187772513 0.046752772115384617 0.09573186673076924
0 0.13915840694252174 0.7980183447203507 0.06836340617788461 0.07094315733173076
0 0.8516591774364942 0.4134419044793306 0.042300127163461536 0.08682657680288462
0 0.7705188209120742 0.5035678269225567 0.14248463884615384 0.05343173956730769
0 0.5732340993912373 0.7644784788175216 0.0954507935096154 0.06836340617788461
0 0.5319611811714993 0.8225011755864575 0.0980305446875 0.050305147932692314
0 0.43578638294436467 0.6780816198264149 0.03224688971153846 0.08900141557692308
0 0.4308949318835235 0.14186802376386803 0.051205417091346156 0.11799509153846154
0 0.3229209673071721 0.46021608356569566 0.05343173956730769 0.10463715665865385
0 0.29175245264371075 0.027166926080950723 0.05343173956730769 0.08014760935096153
0 0.16936893701819045 0.32878813272495616 0.10686347913461539 0.042300127163461536
0 0.13256236751456163 0.431263187772513 0.046752772115384617 0.09573186673076924
0 0.13915840694252174 0.7980183447203507 0.06836340617788461 0.07094315733173076
