0 0.9166307962855955 0.09912115951689043 0.05265530961538462 0.058616288052884616
0 0.9080109745655165 0.351206719235074 0.055443778509615384 0.04684043358173077
0 0.8683204629877896 0.5596195335137759 0.03919301584134616 0.06404712346153846
0 0.8247096904661787 0.10908239394112304 0.03377887786057692 0.08047320901442309
0 0.7206285593252765 0.528044062507021 0.038237088629807695 0.03919301584134616
0 0.7195869724250821 0.6161147878218903 0.04163918766826923 0.0749505378125
0 0.7407719678985127 0.13513729582447306 0.09559272156250001 0.021986325961538458
0 0.5006981135197568 0.7463559323500198 0.0535360984375 0.049967025216346155
0 0.34243488239494746 0.8213636669089777 0.024983512596153848 0.09755466826923076
0 0.32392106256376557 0.22170041169552054 0.04014894305288462 0.06500305067307692
0 0.30377707193266923 0.7195549949500625 0.03093196798076923 0.022604130451923075
0 0.2817806563193129 0.7666178583692271 0.04163918766826923 0.08089899319711538
0 0.27037075538175476 0.34598014124806414 0.024854107620192308 0.07265046838942307
0 0.2830075253673667 0.7047253242568013 0.07257115564903846 0.05710517165865384
0 0.26370454176243513 0.25279906785517386 0.04588450634615385 0.0908130855048077
0 0.24937252721110498 0.20827606823427106 0.051620069639423075 0.03058967091346154
0 0.20538838576622603 0.4473107240659092 0.0420607975 0.07456232283653846
0 0.19389887592793686 0.17967178473884185 0.026765962043269233 0.09176901271634616
0 0.19965052458299629 0.5089622845874457 0.04014894305288462 0.06978268675480769
0 0.19492603823247961 0.34457037830520193 0.08603344942307692 0.09272493992788461
0 0.9166307962855955 0.09912115951689043 0.05265530961538462 0.058616288052884616
0 0.9080109745655165 0.351206719235074 0.055443778509615384 0.04684043358173077
0 0.8683204629877896 0.5596195335137759 0.03919301584134616 0.06404712346153846
0 0.8247096904661787 0.10908239394112304 0.03377887786057692 0.08047320901442309
0 0.7206285593252765 0.528044062507021 0.038237088629807695 0.03919301584134616
0 0.7195869724250821 0.6161147878218903 0.04163918766826923 0.0749505378125
0 0.7407719678985127 0.13513729582447306 0.09559272156250001 0.021986325961538458
0 0.5006981135197568 0.7463559323500198 0.0535360984375 0.049967025216346155
0 0.34243488239494746 0.8213636669089777 0.024983512596153848 0.09755466826923076
0 0.32392106256376557 0.22170041169552054 0.04014894305288462 0.06500305067307692
0 0.30377707193266923 0.7195549949500625 0.03093196798076923 0.022604130451923075
0 0.2817806563193129 0.7666178583692271 0.04163918766826923 0.08089899319711538
0 0.27037075538175476 0.34598014124806414 0.024854107620192308 0.07265046838942307
0 0.2830075253673667 0.7047253242568013 0.07257115564903846 0.05710517165865384
0 0.26370454176243513 0.25279906785517386 0.04588450634615385 0.0908130855048077
0 0.24937252721110498 0.20827606823427106 0.051620069639423075 0.03058967091346154
0 0.20538838576622603 0.4473107240659092 0.0420607975 0.07456232283653846
0 0.19389887592793686 0.17967178473884185 0.026765962043269233 0.09176901271634616
0 0.19965052458299629 0.5089622845874457 0.04014894305288462 0.06978268675480769
0 0.19492603823247961 0.34457037830520193 0.08603344942307692 0.09272493992788461
