0 0.9178662277866703 0.149813673327969 0.027537418509615382 0.09214443887019232
0 0.8856455121133044 0.7426152229606026 0.07113139826923078 0.057452283221153845
0 0.8414115711799361 0.2758063133255131 0.08710263170673077 0.10212032682692307
0 0.7815830589339001 0.5203439565972575 0.11251894300480769 0.03130961891826923
0 0.6356668494414524 0.7029283635496894 0.06344869528846155 0.06425184334134616
0 0.589253725118083 0.6249901786986294 0.06201198824519231 0.07021945725961538
0 0.5830442421497376 0.776808330207823 0.04979517858173077 0.05622036290865384
0 0.4704636715199991 0.25021847128897606 0.07809201463942307 0.054063702427884615
0 0.2112539122812268 0.12448796852172131 0.11064837798076922 0.07970434007211538
0 0.16154013341866222 0.2356018145020688 0.09752060432692307 0.07689124572115384
0 0.15237802068162895 0.9012412023761095 0.11173392711538462 0.03539397692307693
