0 0.5659528380549363 0.5753401201873383 0.03826615170673077 0.07558355586538462
0 0.5767539638314185 0.6366483700481637 0.07874604774038461 0.03889865007211538
0 0.5224993720423445 0.8949430098375668 0.03785857923076923 0.08833668485576923
0 0.5371798554946376 0.9544488566535398 0.08802889153846155 0.044937825745192304
0 0.5130134083205149 0.5476329661555217 0.06514733266826923 0.04617238139423077
0 0.5112858208743701 0.5623229690922013 0.07495105747596154 0.03320616471153846
0 0.4982887413655117 0.3502653290088468 0.08304331610576923 0.027681105360576923
0 0.4401001056380301 0.6382744687671041 0.050283620841346154 0.07621605423076923
0 0.38596657825368685 0.29208495058642864 0.06228248706730769 0.03837607790865384
0 0.32809697804020094 0.2446101307870863 0.06983187944711539 0.05787867485576924
0 0.2670379399303115 0.22857447749895982 0.04089254201923077 0.06354071913461538
0 0.09708123872705966 0.8810646375050273 0.06285072091346154 0.04280018418269231
0 0.047765528846153524 0.5759671771634614 0.0 0.0
0 0.07088169638183597 0.631967862149362 0.0798165596875 0.03663078826923077
