0 0.8660706430859085 0.7853078140265866 0.06590469747596153 0.11277026012019231
0 0.8317470401509917 0.8357344130608877 0.143525785625 0.029290976658653847
0 0.6678580859192979 0.4363658320725372 0.11122698485576923 0.09504851435096154
0 0.5798235175956915 0.9324157594022167 0.12595119961538462 0.04686556264423077
0 0.5546687254905062 0.6058045048079809 0.10164619810096154 0.07498490024038461
0 0.4428582768863837 0.796297211137782 0.10105386947115386 0.11716390663461539
0 0.43225146947173193 0.5474909268085477 0.14996980048076922 0.08165022471153846
0 0.2930226951925965 0.7833108276246126 0.07498490024038461 0.10997785367788461
0 0.2886387231281491 0.4010118878925317 0.08089235262019231 0.12538314658653846
0 0.2239080072613779 0.5941762374523274 0.10664519146634616 0.10497886033653847
0 0.10808397488417035 0.7291570690682785 0.09498087362980769 0.11164418480769231
0 0.08747490107618336 0.34834921627025345 0.1274054553846154 0.05662464685096154
