0 0.7782380224910145 0.8910184155125507 0.026281782524038462 0.0897008664423077
0 0.6449569365906703 0.5567906780180693 0.1185057334375 0.05122904103365385
0 0.43444377153875047 0.8636649287687802 0.05229666024038461 0.079362475625
0 0.40069034859861813 0.862758470791218 0.02247838905048077 0.08853732829326924
0 0.39112512372070296 0.8280908710131112 0.079362475625 0.06147151290865385
0 0.33261283164380345 0.8760542879945221 0.060554027644230776 0.08211493144230769
0 0.31609589136672533 0.8480853231248845 0.05871905711538462 0.09404223990384615
0 0.27641630751805746 0.8267620613214217 0.06009528502403846 0.10092337942307691
0 0.20557388376652636 0.4309681799203726 0.04964429375 0.04964429375
0 0.17334833641977168 0.48328408812762924 0.10782954125000001 0.051779532187500005
