0 0.5942853460368895 0.025066816117932836 0.0702293426923077 0.1009546801201923
0 0.3748080985755478 0.26422748260459045 0.06145067485576923 0.05267200701923077
0 0.3792818426893607 0.2137870719164029 0.13168001754807693 0.08339734444711538
0 0.31113637860007726 0.6439312446473686 0.039504005264423075 0.07461867661057692
0 0.31999945660812074 0.4266328374122827 0.10973334795673077 0.05267200701923077
0 0.2959056008331982 0.12602149616600994 0.14923735322115383 0.1009546801201923
0 0.1970559018589068 0.41789637485380443 0.07461867661057692 0.08778667836538462
0 0.10050110677217215 0.6570886950225646 0.08339734444711538 0.06584000877403846
0 0.07635449470015478 0.20710283389423076 0.07900801052884615 0.0
0 0.041229271998428366 0.1479048580325733 0.0702293426923077 0.048282673100961536
0 0.010461729508829488 0.7207920689205227 0.03511467134615385 0.114122681875
0 0.006104049296701402 0.15009424932594068 0.06145067485576923 0.04389333918269231
0 0.5942853460368895 0.025066816117932836 0.0702293426923077 0.1009546801201923
0 0.3748080985755478 0.26422748260459045 0.06145067485576923 0.05267200701923077
0 0.3792818426893607 0.2137870719164029 0.13168001754807693 0.08339734444711538
0 0.31113637860007726 0.6439312446473686 0.039504005264423075 0.07461867661057692
0 0.31999945660812074 0.4266328374122827 0.10973334795673077 0.05267200701923077
0 0.2959056008331982 0.12602149616600994 0.14923735322115383 0.1009546801201923
0 0.1970559018589068 0.41789637485380443 0.07461867661057692 0.08778667836538462
0 0.10050110677217215 0.6570886950225646 0.08339734444711538 0.06584000877403846
0 0.07635449470015478 0.20710283389423076 0.07900801052884615 0.0
0 0.041229271998428366 0.1479048580325733 0.0702293426923077 0.048282673100961536
0 0.010461729508829488 0.7207920689205227 0.03511467134615385 0.114122681875
0 0.006104049296701402 0.15009424932594068 0.06145067485576923 0.04389333918269231
