0 0.9179544069597705 0.5623392248830437 0.07900801052884615 0.0702293426923077
0 0.7950108519701714 0.41092303153178744 0.04389333918269231 0.08339734444711538
0 0.7862532867967015 0.9046650653261372 0.06145067485576923 0.03511467134615385
0 0.7863060430937961 0.8871288321238213 0.10534401403846154 0.05267200701923077
0 0.7797062152912063 0.5579287883738211 0.09217601228365384 0.05267200701923077
0 0.7489808777912064 0.6918298511377531 0.09217601228365384 0.07461867661057692
0 0.722613220503334 0.9025178792627535 0.06584000877403846 0.07461867661057692
0 0.6524260829448558 0.9375903454270007 0.1009546801201923 0.039504005264423075
0 0.5974697231532569 0.8784134721803347 0.026336003509615385 0.10534401403846154
0 0.5887332603543941 0.6720936753345738 0.06145067485576923 0.08778667836538462
0 0.590954305570249 0.7861636007682483 0.08339734444711538 0.04389333918269231
0 0.4504428636962313 0.711618783238027 0.039504005264423075 0.10534401403846154
0 0.9179544069597705 0.5623392248830437 0.07900801052884615 0.0702293426923077
0 0.7950108519701714 0.41092303153178744 0.04389333918269231 0.08339734444711538
0 0.7862532867967015 0.9046650653261372 0.06145067485576923 0.03511467134615385
0 0.7863060430937961 0.8871288321238213 0.10534401403846154 0.05267200701923077
0 0.7797062152912063 0.5579287883738211 0.09217601228365384 0.05267200701923077
0 0.7489808777912064 0.6918298511377531 0.09217601228365384 0.07461867661057692
0 0.722613220503334 0.9025178792627535 0.06584000877403846 0.07461867661057692
0 0.6524260829448558 0.9375903454270007 0.1009546801201923 0.039504005264423075
0 0.5974697231532569 0.8784134721803347 0.026336003509615385 0.10534401403846154
0 0.5887332603543941 0.6720936753345738 0.06145067485576923 0.08778667836538462
0 0.590954305570249 0.7861636007682483 0.08339734444711538 0.04389333918269231
0 0.4504428636962313 0.711618783238027 0.039504005264423075 0.10534401403846154
