0 0.8194852308831246 0.4416651141088143 0.04570083475961539 0.06954474853365385
0 0.792189155924643 0.797775064953798 0.06656425930288462 0.020863424560096155
0 0.7218992698503084 0.2801849306248845 0.07697092545673077 0.03874635990384615
0 0.7027697027928816 0.4689635772797823 0.06259027367788461 0.05066831677884616
0 0.6670086085688738 0.35567393996417346 0.06656425930288462 0.02483741019230769
0 0.6362269372103537 0.4942702712252681 0.08047320901442309 0.027817899423076924
0 0.6188323915194212 0.6577159537051878 0.07351873415865384 0.040733352716346156
0 0.6059121617049684 0.5842067722283247 0.06954474853365385 0.048681323966346154
0 0.6059288792887567 0.4197795344888939 0.08345369824519232 0.04570083475961539
0 0.5643517549381125 0.20199398961619364 0.04826388850961538 0.06474424067307692
0 0.47174477075125953 0.5241324804651096 0.03179188504807692 0.07550572697115385
0 0.48594087279519366 0.9090483585866428 0.07360639560096154 0.053531924086538465
0 0.4166307962855956 0.5991211595168904 0.05265530961538462 0.058616288052884616
0 0.40801097456551655 0.851206719235074 0.055443778509615384 0.04684043358173077
0 0.32470969046617876 0.6090823939411231 0.03377887786057692 0.08047320901442309
0 0.2407719678985127 0.635137295824473 0.09559272156250001 0.021986325961538458
0 0.8984043357042807 0.582793027753964 0.04032426596153846 0.06192655129807693
0 0.9063719092302492 0.4574824634227649 0.07920837956730768 0.04752502774038462
0 0.8328895199909281 0.3638656363441315 0.050405332451923086 0.04176441831730769
0 0.8184845345766111 0.1061164456131539 0.04752502774038462 0.07344777014423078
0 0.7483946464064233 0.39034287067431944 0.03331135014423077 0.07851961103365385
0 0.5953336196113685 0.5777196064621857 0.10801142665865385 0.03456365653846154
0 0.5015380379126989 0.47063700883835285 0.036880423365384614 0.07019177350961539
0 0.4564012729413311 0.2344332830478863 0.0963649771875 0.028552585841346154
0 0.3683204629877897 0.05961953351377592 0.03919301584134616 0.06404712346153846
0 0.22062855932527647 0.02804406250702093 0.038237088629807695 0.03919301584134616
0 0.21839156171077573 0.46588682406244225 0.036880423365384614 0.07732991995192308
0 0.21958697242508204 0.11611478782189037 0.04163918766826923 0.0749505378125
0 0.21507800708088715 0.585649099084516 0.06192655129807693 0.04176441831730769
0 0.07536938104861997 0.5417815738053581 0.050405332451923086 0.0892894460576923
0 0.0006981135197567877 0.2463559323500198 0.0535360984375 0.049967025216346155
