0 0.9128808310879136 0.04977746974646912 0.05844096514423077 0.0866178590625
0 0.6280262811142348 0.28408193956612293 0.09601015704326922 0.10227168901442307
0 0.5366909498194224 0.2605999402047606 0.07826914975961538 0.10122810036057692
0 0.6699178968004288 0.4365952057209518 0.06812546795673077 0.08415498983173077
0 0.6518750517151672 0.7532071621185341 0.060110707019230776 0.1081992726201923
0 0.37040714759846494 0.1400635008668581 0.10218820192307693 0.09617713122596154
0 0.27321131323351994 0.20517620870255845 0.08816237028846154 0.09016606052884615
0 0.020760793475580044 0.6941055249679581 0.1001845116826923 0.11421034334134615
0 0.6699178968004288 0.4365952057209518 0.06812546795673077 0.08415498983173077
0 0.6518750517151672 0.7532071621185341 0.060110707019230776 0.1081992726201923
0 0.37040714759846494 0.1400635008668581 0.10218820192307693 0.09617713122596154
0 0.27321131323351994 0.20517620870255845 0.08816237028846154 0.09016606052884615
0 0.020760793475580044 0.6941055249679581 0.1001845116826923 0.11421034334134615
