0 0.6990797348579362 0.6414706297361259 0.05399945180288462 0.04786315045673077
0 0.7089361697461227 0.8317195724215861 0.08590821877403847 0.06749931475961538
0 0.66656766361019 0.8961197599508541 0.06259027367788461 0.041726849110576926
0 0.6721331136435897 0.4960417630657706 0.09818082146634616 0.049090410721153846
0 0.5745496943491704 0.4610781209893619 0.08468095850961539 0.060135753149038455
0 0.5511992980680243 0.8200355235699426 0.05768123259615385 0.0466358901923077
0 0.5173820094016965 0.034776261058096794 0.03006370221153846 0.09828518033653846
0 0.489473789173389 0.6694386674298781 0.05852445225961538 0.042917931658653846
0 0.4634156195623377 0.9336581859945627 0.09317159586538462 0.056938197475961544
0 0.32968324590554504 0.3886432138080736 0.06136301341346154 0.03804506831730769
0 0.30765451314265374 0.5144270658250508 0.1129079446875 0.02945424644230769
0 0.2734368564686863 0.0019124795533237533 0.05781481194711539 0.04594470836538462
0 0.229486481168321 0.16831040947020035 0.04856444204326923 0.08325332920673077
0 0.1949065150864173 0.6833791886816983 0.09924528189903846 0.04102138317307692
0 0.05580855215768288 0.7990738813673032 0.1087001951923077 0.05435009759615385
