0 0.7521785966911577 0.27082258344047594 0.07014883704326923 0.12702627247596154
0 0.7163160824421573 0.15301913695332733 0.101312931875 0.060432275168269226
0 0.5438508118937222 0.001060420606306627 0.05510001557692308 0.06931937444711539
0 0.41576010108849193 0.5391854910875671 0.066506085625 0.10474708485576922
0 0.38543535413137914 0.3523742524719455 0.1668404773076923 0.14977724665865383
0 0.7521785966911577 0.27082258344047594 0.07014883704326923 0.12702627247596154
0 0.7163160824421573 0.15301913695332733 0.101312931875 0.060432275168269226
0 0.5438508118937222 0.001060420606306627 0.05510001557692308 0.06931937444711539
0 0.41576010108849193 0.5391854910875671 0.066506085625 0.10474708485576922
0 0.38543535413137914 0.3523742524719455 0.1668404773076923 0.14977724665865383
