0 0.943766281145005 0.8716265554589265 0.026219932644230767 0.050126341826923076
0 0.9427369438201507 0.38365082294843866 0.04781281836538461 0.06291160310096154
0 0.8871936018241205 0.5533787114429434 0.06525556766826923 0.07078570052884615
0 0.8609972275964426 0.22225760816596946 0.08555978024038462 0.04215077408653846
0 0.8279920765471006 0.2401806095310188 0.10506237718749999 0.036488729807692306
0 0.7234711022086494 0.395955636969507 0.032084917596153846 0.0937382886298077
0 0.6925036792826023 0.711826987764192 0.04092298312499999 0.07908089980769231
0 0.6759614995902888 0.026029361394693012 0.02264817712019231 0.08870536038461538
0 0.569214950669928 0.7212228962782856 0.0685736473798077 0.07465679353365384
0 0.5269233926759549 0.3777657532885886 0.08018692639423076 0.044794076105769236
0 0.4158036149805267 0.45877754683067895 0.11004964379807693 0.04092298312499999
0 0.3784674920766401 0.8053199811836053 0.04804281776442308 0.06776188475961539
0 0.29770005052844184 0.6186076919700849 0.08073993966346153 0.04866516911057692
0 0.24528062154464467 0.873062905530262 0.05342074514423077 0.051986631177884615
0 0.16967764979824443 0.7016699116929203 0.09214182213942308 0.03836254850961539
0 0.11993914726489695 0.8155126188507188 0.02366288039423077 0.04660870379807692
0 0.14636381761458733 0.8908234242841335 0.08425419533653847 0.06310101439903847
0 0.10614140248890536 0.8345137669793594 0.02832375076923077 0.04589164682692308
