0 0.8415304055702488 0.09527505605101812 0.08339734444711538 0.08339734444711538
0 0.8085734717872828 0.5297558063791201 0.05267200701923077 0.030725337427884615
0 0.7998370089884197 0.9116806136377533 0.08778667836538462 0.07461867661057692
0 0.78003752558065 0.6110376184689928 0.048282673100961536 0.09656534620192307
0 0.7757537045209928 0.7756640187329247 0.13606935146634616 0.11851201579326923
0 0.7383968855363007 0.20493454521705978 0.09656534620192307 0.021946669593750003
0 0.6856299167988887 0.7361389108294715 0.01755733567548077 0.1009546801201923
0 0.6198532157484282 0.6460678796436417 0.0702293426923077 0.026336003509615385
0 0.6352633652619671 0.34542488447488107 0.10973334795673077 0.048282673100961536
0 0.6220848122717795 0.39371810885930003 0.1009546801201923 0.0570613409375
0 0.5365086278147536 0.4221907472209577 0.114122681875 0.008778667836538462
0 0.5101831755164803 0.22688121468821365 0.12290134971153846 0.021946669593750003
0 0.44427985901765893 0.08207540044583823 0.0702293426923077 0.0570613409375
0 0.4640793424254286 0.26859571388382936 0.10973334795673077 0.03511467134615385
0 0.41353341914305203 0.8524404327864968 0.05267200701923077 0.08778667836538462
0 0.4399538329684035 0.0008568962009408677 0.12290134971153846 0.04389333918269231
0 0.34110413375372706 0.8831446676715051 0.048282673100961536 0.0702293426923077
0 0.27306418249901765 0.6987820918447785 0.04389333918269231 0.06145067485576923
0 0.29286366590678736 0.06011817966718865 0.08339734444711538 0.048282673100961536
0 0.2929375248188738 0.39151816625843694 0.1448480193028846 0.05267200701923077
0 0.2599805907955229 0.1940192424311205 0.114122681875 0.0702293426923077
0 0.24460209520447168 0.5890170898453678 0.1009546801201923 0.03511467134615385
0 0.240254966540224 0.49906212280160744 0.13606935146634616 0.0570613409375
0 0.21828719421369386 0.4419691280137356 0.11851201579326923 0.030725337427884615
0 0.1809092726140092 0.5758279855488888 0.06145067485576923 0.01755733567548077
0 0.11724810394603483 0.3762029782719755 0.048282673100961536 0.09217601228365384
0 0.11505871265266733 0.17867240052217206 0.05267200701923077 0.08339734444711538
0 0.07773354735007755 0.6856457438441892 0.039504005264423075 0.08778667836538462
0 0.11513257156475368 0.2927212235824443 0.114122681875 0.021946669593750003
0 0.06678659088324033 0.4179280285359075 0.06145067485576923 0.114122681875
0 0.03821899075412015 0.7822110899980355 0.030725337427884615 0.08778667836538462
