0 0.6514163025777783 0.3552886101864423 0.13326494471153846 0.05996922512019231
0 0.6397596242768526 0.5801932263500255 0.13659656834134615 0.07662734322115385
0 0.5647220099394125 0.6552548665067958 0.07329571959134615 0.15991793365384616
0 0.5014451874534833 0.12373676446095493 0.09328546129807691 0.05663760151442308
0 0.48142341078408113 0.35701448751129694 0.06663247235576923 0.10994357939903845
0 0.4015365224128317 0.288672155372105 0.12660169747596153 0.07329571959134615
0 0.3448909121998082 0.4102804217827175 0.11993845024038462 0.07662734322115385
0 0.22330667187300662 0.08210348241869703 0.13659656834134615 0.06663247235576923
0 0.17161444923232969 0.3303214549557947 0.09328546129807691 0.07662734322115385
0 0.1616756394734941 0.27866927568792765 0.1399281919471154 0.06663247235576923
0 0.0133663317487115 0.1920790965880989 0.09661708492788461 0.09328546129807691
