0 0.8546943609668548 0.19157230082132373 0.031407844423076925 0.09999451334134615
0 0.7510638040195082 0.752038340728608 0.05388674423076924 0.08566610620192307
0 0.6366094969559566 0.22377827983652693 0.05234640735576923 0.041645383990384616
0 0.617057727813598 0.8114153949466646 0.07046728091346154 0.055268455625000004
0 0.5933933012786036 0.2246528171685466 0.027045643798076925 0.04339026423076923
0 0.5749138695787491 0.6808220792638798 0.06908556951923077 0.037306207548076925
0 0.5602867151913542 0.557824032208967 0.06543300920673077 0.05583616786057692
0 0.5205644744665021 0.2390826831830159 0.0436220061298077 0.07218078826923077
0 0.5144762684114679 0.2751932793659856 0.05932592834134615 0.0889888925
0 0.4747666110778304 0.5093941678085995 0.0479842067548077 0.0479842067548077
0 0.43680393098005865 0.5133337801903142 0.03838736540865385 0.05932592834134615
0 0.4512925190460605 0.45876747411514185 0.11603453632211538 0.027045643798076925
0 0.2714507692145895 0.7909690446727937 0.12201638653846153 0.12356089776442307
0 0.05815713100036969 0.7893711198178625 0.07184899230769232 0.10777348846153847
