0 0.9101334943974203 0.6382416208398147 0.048359898653846156 0.09810150872596154
0 0.8403819799152874 0.2582543812918362 0.06908556951923077 0.08428439480769231
0 0.7439034423321645 0.16672780746420235 0.08660951036057692 0.053298160216346153
0 0.7139304770897282 0.5822640418190356 0.048359898653846156 0.08290268343749999
0 0.693963750944319 0.6250572377284231 0.10501006567307693 0.04974161004807693
0 0.654503601619649 0.34738971236458155 0.037306207548076925 0.09671979733173078
0 0.6352692490736813 0.8040137734866748 0.1284991593028846 0.07046728091346154
0 0.6076084498041673 0.5815250254123812 0.10639177706730768 0.042833053100961534
0 0.5350337269084863 0.37501729746608026 0.07737583786057692 0.09119295177884615
0 0.36368822883020535 0.5311241130883646 0.06632214673076922 0.06908556951923077
0 0.33669361047447083 0.9071584797371657 0.08185909475961539 0.06486947132211539
0 0.271829332136534 0.5960346557626143 0.08704781759615385 0.04421476449519231
0 0.2510638040195082 0.25203834072860803 0.05388674423076924 0.08566610620192307
0 0.2573363088823559 0.5829565582149131 0.0994832201201923 0.08428439480769231
0 0.2172235001129405 0.8793054192201658 0.06355872396634615 0.06079530117788461
0 0.117057727813598 0.31141539494666465 0.07046728091346154 0.055268455625000004
0 0.07075212836012602 0.4648451449347032 0.055268455625000004 0.10501006567307693
0 0.07491386957874907 0.18082207926387978 0.06908556951923077 0.037306207548076925
0 0.05485414391665123 0.8433942088849853 0.048359898653846156 0.07184899230769232
0 0.06028671519135415 0.05782403220896704 0.06543300920673077 0.05583616786057692
