0 0.4985440047573908 0.21360156635990654 0.053672888149038464 0.08211493144230769
0 0.411720140987397 0.485460796270629 0.10062311151442307 0.03354103716346154
0 0.2884500070991759 0.4461688470112563 0.04128127651442308 0.07869243336538462
0 0.23334809286441963 0.48967280701420346 0.08062749319711539 0.04966653581730769
0 0.1099397302848789 0.12164865817064997 0.03813031701923077 0.09481051798076923
0 0.4985440047573908 0.21360156635990654 0.053672888149038464 0.08211493144230769
0 0.411720140987397 0.485460796270629 0.10062311151442307 0.03354103716346154
0 0.2884500070991759 0.4461688470112563 0.04128127651442308 0.07869243336538462
0 0.23334809286441963 0.48967280701420346 0.08062749319711539 0.04966653581730769
0 0.1099397302848789 0.12164865817064997 0.03813031701923077 0.09481051798076923
0 0.47413783761944106 0.6372241137523402 0.074883479375 0.06985399194711538
