0 0.904219309705587 0.4606712905236455 0.050844215048076916 0.07549595567307693
0 0.8928755929257578 0.26387262254172056 0.09223935423076922 0.03547667471153847
0 0.860912473599124 0.23730349274269585 0.06385801447115384 0.06740568192307693
0 0.8403288572203795 0.47686936563384114 0.09244402735576923 0.09244402735576923
0 0.8201441458855228 0.01379191405888838 0.0886916867548077 0.060310346995192304
0 0.8110401005853887 0.5677134001515695 0.08011815704326922 0.04314054610576923
0 0.7886827939578519 0.5061284928930807 0.0662515529326923 0.08011815704326922
0 0.7843610901547764 0.8506447666918227 0.07265895877403847 0.07669556759615384
0 0.7864285127095567 0.08295863761369134 0.07804868435096154 0.049667344591346155
0 0.7216942414820059 0.004016640496862218 0.08691785302884615 0.04434584338942308
0 0.6382996199429087 0.5358182453933991 0.09969855250000001 0.03582916730769231
0 0.5922867756924638 0.5046849157883289 0.051407066129807694 0.05452264588942308
0 0.5966112471568163 0.020887249155042316 0.06385801447115384 0.060310346995192304
0 0.588622599318833 0.18228053471413916 0.05853651326923077 0.03902434216346154
0 0.5784794853032547 0.8980724946432367 0.06054913230769231 0.07467726317307692
0 0.5557874870428359 0.3189296926853734 0.04257200963942308 0.09223935423076922
0 0.5736269993197289 0.4883449732750383 0.07944728401442308 0.06854275483173076
0 0.5682384354560084 0.03153877952154206 0.07095334939903847 0.06740568192307693
0 0.5494831283820845 0.5467302640466672 0.08100507389423076 0.042060326826923074
0 0.516762051555739 0.4049863633844825 0.074773914375 0.05452264588942308
0 0.45827353595171494 0.328658062062107 0.08159635182692308 0.06917951567307692
0 0.4201453764861662 0.032689560078066934 0.04673369649038461 0.06698496495192308
0 0.41317464138703663 0.4837315184628388 0.07944728401442308 0.11839203108173077
0 0.38732445052797926 0.20358359569957118 0.08514401927884616 0.053215012043269234
0 0.31098563944379276 0.06789597495278983 0.03192900723557692 0.06208418072115385
0 0.2950509840859606 0.01999820028037153 0.056762679519230766 0.05853651326923077
0 0.192988194532608 0.870832662447589 0.0645857411298077 0.08073217639423078
0 0.1701781430803324 0.4914305955128685 0.09502518283653846 0.04361811670673077
0 0.8684565591040183 0.5286149666814788 0.08018564454326924 0.058173898990384616
0 0.8023873069937764 0.7227994563662049 0.051884828822115384 0.0660352366826923
0 0.7811900414446193 0.7738622463622759 0.07546884192307693 0.03616215341346154
0 0.756765091975083 0.6937635302046447 0.02987308326923077 0.10848646026442309
0 0.749729572562032 0.46886880009494025 0.06289070161057692 0.058173898990384616
0 0.7576287053514468 0.6079861312690977 0.09433605240384614 0.03458988588942308
0 0.7260840537194608 0.9304132005072637 0.049667344591346155 0.053215012043269234
0 0.738738817886927 0.8250081849542343 0.07546884192307693 0.07546884192307693
0 0.7379545738575373 0.47828728720992064 0.07704110947115385 0.045595758653846165
0 0.7009552634806359 0.5538014830524223 0.03458988588942308 0.08333017961538462
0 0.7332680070554042 0.6174159568278766 0.10219739009615385 0.03144535079326923
0 0.7074950435553807 0.9481216897593262 0.07982251807692307 0.028381339759615383
0 0.6302842397622158 0.8639093594930253 0.03902434216346154 0.06563184819711539
0 0.6184622406844601 0.39261193450894516 0.07704110947115385 0.05660163144230769
0 0.46203862827804276 0.5891151412028764 0.09119151733173078 0.03144535079326923
0 0.44313740236972443 0.6669707307017959 0.06289070161057692 0.05502936389423077
0 0.4183388247124051 0.9126791271148069 0.06208418072115385 0.056762679519230766
0 0.43769682763273177 0.48692531002519424 0.1147755304326923 0.037734420961538465
0 0.28904006544624283 0.7275275974542343 0.05031256127403846 0.07546884192307693
0 0.2755004367094757 0.8772536206480274 0.024833672283653848 0.09933468915865386
0 0.8480057923114483 0.3096608608386881 0.12325870312500001 0.060088617788461536
0 0.8025189608066469 0.2750258317814751 0.09398476112980769 0.08628109218749999
0 0.6746047230443906 0.14098199211801374 0.0662515529326923 0.08628109218749999
0 0.5082091773443567 0.2480278055651347 0.06933302050480769 0.05700715019230769
0 0.44809092993975924 0.17875034030513262 0.044681279879807696 0.1032291638701923
0 0.381081973132714 0.17560590994597164 0.05546641641826923 0.050844215048076916
0 0.3959267323486043 0.8385252369350383 0.08880539403846154 0.06862234995192308
0 0.32715999474037294 0.28039432616939003 0.05854788399038462 0.0662515529326923
0 0.2959745738945483 0.7921381972015413 0.05045761026442308 0.09687861168269231
0 0.2528998806276 0.39430270244961185 0.03902434216346154 0.07982251807692307
0 0.24053847600874836 0.17165458848803272 0.08514401927884616 0.053215012043269234
0 0.19973603691325334 0.4465689693266342 0.08159635182692308 0.028381339759615383
0 0.14914979650936747 0.4270994385029701 0.05498884579326923 0.06385801447115384
