0 0.6973819125765937 0.8038117041256296 0.12497483372596153 0.09331454252403847
0 0.6048624822506299 0.19564490828977332 0.09331454252403847 0.12997382709134617
0 0.5857337222614357 0.38138274652008614 0.12164217151442308 0.08165022471153846
0 0.5457017192418061 0.1839565567111512 0.0883155491826923 0.10997785367788461
0 0.5240354092030611 0.6188729838172039 0.0849828869471154 0.11331051591346154
0 0.47737413233739395 0.5922317140590041 0.08165022471153846 0.12997382709134617
0 0.4832283220396578 0.432203842816805 0.09997986699519232 0.07998389358173076
0 0.44663713281845197 0.11144111112613804 0.15663512495192308 0.0849828869471154
0 0.31163627313621006 0.4963676048187293 0.13330648932692307 0.0883155491826923
0 0.21498506285708088 0.4555124503274372 0.12997382709134617 0.06332058242788462
0 0.18660135525939575 0.5372387814241055 0.0833165558173077 0.12664116485576923
0 0.18921901735782068 0.7829204782306592 0.18163009170673078 0.04165827790865385
0 0.11501721267280506 0.8429124041347887 0.13997181377403847 0.04499094014423077
