0 0.8879583197024373 0.7591341442401593 0.05090954242788462 0.045942757812500006
0 0.7557490197616954 0.758544637075831 0.07698516173076923 0.07201837709134616
0 0.7408158325676368 0.5139842213446515 0.04966784627403846 0.11671943875
0 0.7421053012179007 0.8603368698272522 0.08940212329326923 0.04966784627403846
0 0.709174967017584 0.6536377285154228 0.06829328862980769 0.08567703483173077
0 0.7029784256464959 0.34071537278037173 0.07822685788461539 0.07326007326923077
0 0.6358910149039905 0.564837051748538 0.04842615012019231 0.06953498478365384
0 0.4893708682693751 0.8063305377248402 0.04842615012019231 0.05587632706730769
0 0.45215580184841886 0.2668657922987356 0.07822685788461539 0.09933569254807692
0 0.3906918761272652 0.6670113425234316 0.07822685788461539 0.1067858694951923
0 0.36145278631050054 0.8296725255433501 0.028972910336538458 0.10595807206730769
0 0.37392297422267945 0.1798724400537398 0.07326007326923077 0.037250884711538465
0 0.2671669532408584 0.5455922537871846 0.09809399639423076 0.0707766809375
0 0.2759095687689244 0.4233165233175965 0.14031166574519233 0.09685230024038462
0 0.2354753452517104 0.37241892016766237 0.07450176942307693 0.1067858694951923
0 0.14300032246238226 0.45247996626505294 0.10057738870192308 0.08319364252403846
0 0.0659614333979174 0.10049044660072465 0.05587632706730769 0.10926926180288461
