0 0.8764603346625949 0.6723523721611502 0.08514401927884616 0.07982251807692307
0 0.8684565591040183 0.5286149666814788 0.08018564454326924 0.058173898990384616
0 0.8023873069937764 0.7227994563662049 0.051884828822115384 0.0660352366826923
0 0.7811900414446193 0.7738622463622759 0.07546884192307693 0.03616215341346154
0 0.756765091975083 0.6937635302046447 0.02987308326923077 0.10848646026442309
0 0.749729572562032 0.46886880009494025 0.06289070161057692 0.058173898990384616
0 0.7576287053514468 0.6079861312690977 0.09433605240384614 0.03458988588942308
0 0.7260840537194608 0.9304132005072637 0.049667344591346155 0.053215012043269234
0 0.738738817886927 0.8250081849542343 0.07546884192307693 0.07546884192307693
0 0.7379545738575373 0.47828728720992064 0.07704110947115385 0.045595758653846165
0 0.7009552634806359 0.5538014830524223 0.03458988588942308 0.08333017961538462
0 0.7332680070554042 0.6174159568278766 0.10219739009615385 0.03144535079326923
0 0.7074950435553807 0.9481216897593262 0.07982251807692307 0.028381339759615383
0 0.6302842397622158 0.8639093594930253 0.03902434216346154 0.06563184819711539
0 0.6184622406844601 0.39261193450894516 0.07704110947115385 0.05660163144230769
0 0.46203862827804276 0.5891151412028764 0.09119151733173078 0.03144535079326923
0 0.44313740236972443 0.6669707307017959 0.06289070161057692 0.05502936389423077
0 0.4183388247124051 0.9126791271148069 0.06208418072115385 0.056762679519230766
0 0.43769682763273177 0.48692531002519424 0.1147755304326923 0.037734420961538465
0 0.28904006544624283 0.7275275974542343 0.05031256127403846 0.07546884192307693
0 0.2755004367094757 0.8772536206480274 0.024833672283653848 0.09933468915865386
