0 0.4829435905095748 0.358548951891989 0.04718445396634615 0.11175265413461538
0 0.44013939921343387 0.24238021730139375 0.07574346557692307 0.05339293475961538
0 0.38982234890454526 0.10211630902858045 0.05215123858173077 0.09312721177884614
0 0.2912060250377332 0.6851846885711853 0.04801225139423077 0.08360754122596153
0 0.28617206050226496 0.20013269932885885 0.07822685788461539 0.028559011610576925
0 0.24527520794549168 0.3415750798610278 0.05794582064903846 0.108441464375
0 0.09250880468937803 0.6485088791335175 0.11258045156249999 0.04552885908653846
0 0.4829435905095748 0.358548951891989 0.04718445396634615 0.11175265413461538
0 0.44013939921343387 0.24238021730139375 0.07574346557692307 0.05339293475961538
0 0.38982234890454526 0.10211630902858045 0.05215123858173077 0.09312721177884614
0 0.2912060250377332 0.6851846885711853 0.04801225139423077 0.08360754122596153
0 0.28617206050226496 0.20013269932885885 0.07822685788461539 0.028559011610576925
0 0.24527520794549168 0.3415750798610278 0.05794582064903846 0.108441464375
0 0.09250880468937803 0.6485088791335175 0.11258045156249999 0.04552885908653846
