0 0.7014030305231546 0.6544941345276674 0.039504005264423075 0.05267200701923077
0 0.708108371160318 0.3670296923490952 0.1404586853846154 0.08339734444711538
0 0.5544500302185997 0.5425713951573768 0.114122681875 0.0570613409375
0 0.5083250945125565 0.7971633137725648 0.08339734444711538 0.06584000877403846
0 0.4402534893353598 0.8454776407719755 0.05267200701923077 0.09217601228365384
0 0.33929880928728295 0.5996960438677363 0.05267200701923077 0.10973334795673077
0 0.24931218832103483 0.8498036670616158 0.048282673100961536 0.039504005264423075
0 0.258111958724488 0.7291550161999585 0.06584000877403846 0.08778667836538462
0 0.16810423514324835 0.805963084176018 0.04389333918269231 0.08339734444711538
0 0.17695676184379627 0.6040009675423851 0.10534401403846154 0.039504005264423075
0 0.17036748534870233 0.7663957712829662 0.1009546801201923 0.030725337427884615
0 0.09131726978218033 0.7027662562970943 0.06584000877403846 0.04389333918269231
0 0.018909087007847308 0.6566835258210347 0.07900801052884615 0.048282673100961536
