0 0.8959267323486043 0.33852523693503833 0.08880539403846154 0.06862234995192308
0 0.7959745738945483 0.2921381972015414 0.05045761026442308 0.09687861168269231
0 0.5749872212153003 0.4666511801007189 0.0645857411298077 0.03834778379807692
0 0.45895795125262917 0.03536910151300736 0.08628109218749999 0.05238494882211538
0 0.3110401005853888 0.06771340015156949 0.08011815704326922 0.04314054610576923
0 0.28868279395785185 0.006128492893080753 0.0662515529326923 0.08011815704326922
0 0.2843610901547764 0.35064476669182265 0.07265895877403847 0.07669556759615384
0 0.1382996199429088 0.035818245393399076 0.09969855250000001 0.03582916730769231
0 0.09228677569246384 0.004684915788328827 0.051407066129807694 0.05452264588942308
0 0.07847948530325463 0.3980724946432367 0.06054913230769231 0.07467726317307692
0 0.0494831283820845 0.04673026404666723 0.08100507389423076 0.042060326826923074
