0 0.7419777741361755 0.3084173921419655 0.06530082129807692 0.10548594211538462
0 0.7460470005146024 0.07830203121775606 0.10749519814903846 0.05927305317307692
0 0.6619145351029437 0.90658658120461 0.02551365564903846 0.07795839223557693
0 0.6163500090004971 0.44896620024252265 0.02836334841346154 0.11999878177884615
0 0.47477570036511285 0.2666589175733289 0.08941189377403846 0.05023140100961539
0 0.46429444030172334 0.611010812343028 0.11764630103365385 0.04252275939903846
0 0.421559395115714 0.4328043892967596 0.11352296627403846 0.061015454903846154
0 0.3793650181926372 0.37565502043379023 0.11352296627403846 0.045208260913461536
0 0.3182246729293699 0.8392776188469918 0.055279587235576924 0.09355007069711538
0 0.30549225655013396 0.09035998239090233 0.08639800971153845 0.06128230923076923
0 0.1999338653708049 0.15113635516246193 0.026120328509615383 0.05826842516826923
0 0.03882509898888225 0.2390594191772316 0.13763403875 0.07333784545673078
