0 0.7408754557472436 0.5359824721458659 0.03687391170673077 0.07989347536057692
0 0.6702373912277242 0.6465598875524686 0.06760217146634616 0.043019563653846155
0 0.42131632560769366 0.170323567653014 0.04916521560096154 0.08603912730769231
0 0.4367321622106717 0.43146206928323766 0.09218477927884615 0.043019563653846155
0 0.20932826829971185 0.7818085500304814 0.07989347536057692 0.07989347536057692
0 0.20008763057634513 0.3085933497900965 0.06145651951923077 0.07989347536057692
0 0.17553456741262935 0.11804859300188962 0.08603912730769231 0.05531086757211538
0 0.17246912855682536 0.634312903395866 0.09218477927884615 0.07989347536057692
0 0.14172609522278895 0.8463600553139734 0.07989347536057692 0.09833043122596154
0 0.1355804437804812 0.18877529666012746 0.07989347536057692 0.09833043122596154
0 0.14486540024390937 0.5513392153406411 0.13520434293269232 0.07374782341346155
0 0.07104371197525669 0.6435387678933986 0.07374782341346155 0.08603912730769231
0 0.055642649090930425 0.10888182117935823 0.043019563653846155 0.09833043122596154
