0 0.8815024492996775 0.011708057761880704 0.035748087331730766 0.04609621788461538
0 0.8711555880263038 0.069998979069752 0.05011515788461539 0.04767051603365385
0 0.817370529069752 0.08648121280530573 0.04767051603365385 0.031780344014423076
0 0.7085957199440354 0.27900116578942635 0.0574490834375 0.03544730680288462
0 0.5118196808828356 0.1372001854920661 0.07211693451923076 0.02566873939903846
0 0.8815024492996775 0.011708057761880704 0.035748087331730766 0.04609621788461538
0 0.8711555880263038 0.069998979069752 0.05011515788461539 0.04767051603365385
0 0.817370529069752 0.08648121280530573 0.04767051603365385 0.031780344014423076
0 0.7085957199440354 0.27900116578942635 0.0574490834375 0.03544730680288462
0 0.5118196808828356 0.1372001854920661 0.07211693451923076 0.02566873939903846
