0 0.8251742770207044 0.03820776826125631 0.06347941122596154 0.04803847336538462
0 0.8191839025595762 0.2055031539437812 0.0754890295673077 0.06347941122596154
0 0.8363858663393641 0.13001824846243418 0.11323354435096154 0.0669107307451923
0 0.8106715906273692 0.16347155192426133 0.13039014197115384 0.06519507098557692
0 0.7145616505598189 0.12921609518551802 0.10293958576923078 0.11323354435096154
0 0.8251742770207044 0.03820776826125631 0.06347941122596154 0.04803847336538462
0 0.8191839025595762 0.2055031539437812 0.0754890295673077 0.06347941122596154
0 0.8363858663393641 0.13001824846243418 0.11323354435096154 0.0669107307451923
0 0.8106715906273692 0.16347155192426133 0.13039014197115384 0.06519507098557692
0 0.7145616505598189 0.12921609518551802 0.10293958576923078 0.11323354435096154
