0 0.8710374383666272 0.4703241934019334 0.04072737103365384 0.08378202040865385
0 0.6511683761854254 0.23173900208363174 0.08960021627403846 0.05120012358173077
0 0.6461398530897804 0.5103187525420098 0.08476984069711538 0.07517325495192308
0 0.5539695404050131 0.1864130186664432 0.060509236971153846 0.09774569048076923
0 0.509359670356185 0.6702618482150868 0.060778376346153844 0.07517325495192308
0 0.47951061918110344 0.3079699554640982 0.07214562867788461 0.061672876129807694
0 0.4515441182474171 0.3283881865430842 0.03956373185096154 0.10705480384615385
0 0.38995515827188904 0.4184709214334375 0.10938208221153847 0.024436422620192307
0 0.35094484525194153 0.12288238013148924 0.06107392961538461 0.035234959399038465
0 0.25906218256373664 0.5535187675271588 0.07197439302884615 0.08796870259615384
0 0.2566572689545294 0.5311228893878576 0.06717610016826923 0.08476984069711538
0 0.2658685424911586 0.9203860474735056 0.09246045264423075 0.07219514795673077
0 0.17018226505105302 0.8602493036829407 0.043063772475961534 0.09372703420673077
