0 0.8935776622970888 0.3978202285849956 0.06646942117788461 0.03988165271634615
0 0.8776122188146614 0.4590168351184876 0.05583431379807692 0.07710452858173077
0 0.7357399738355792 0.6691948246341646 0.11542069120192308 0.087109955625
0 0.7270289781625023 0.7932793967855779 0.11542069120192308 0.04791047560096154
0 0.676864979823612 0.29945187652210864 0.047857983245192304 0.04519920639423077
0 0.5971400220617893 0.5255054301558455 0.07976330540865385 0.09305718966346153
0 0.50936842969585 0.4337360855777036 0.05317553694711538 0.058493090649038466
0 0.3950282427038069 0.32204828404996094 0.0425404295673077 0.0425404295673077
0 0.3312239896793815 0.02566816546519614 0.047857983245192304 0.10369229704326922
0 0.2184801148438368 0.833570368767422 0.07839896007211539 0.05008822449519231
