0 0.8488277649162124 0.5521318558884987 0.08816237028846154 0.03195885923076923
0 0.8256401085732071 0.6595837184713044 0.050693362908653845 0.035264948125
0 0.7352948702127053 0.44636350264639746 0.06832583697115385 0.05399945180288462
0 0.6857485722287875 0.8133446673321062 0.10579484435096154 0.0584075703125
0 0.6443284193277894 0.636454341724037 0.027550740721153846 0.046285244399038465
0 0.6498862496001874 0.5890882605750742 0.06722380735576923 0.06391771846153846
0 0.6172005610709247 0.26137128171282725 0.05031767100961538 0.027554915072115386
0 0.6040134846902449 0.20270477084073957 0.043129432283653846 0.05870394949519231
0 0.5447465144554364 0.27635397876681556 0.07308042692307692 0.033545113990384616
0 0.5380474618780337 0.8722860331792599 0.08155019252403847 0.04408118514423077
0 0.5187261811208509 0.48438220029106166 0.05179539254807693 0.052897422163461535
0 0.5220534619911189 0.9263146252607827 0.06942786661057693 0.06832583697115385
0 0.5076044000569175 0.3237183089757074 0.07068434735576924 0.06828826778846153
0 0.46026599080494146 0.026592922523431574 0.05750590971153846 0.05870394949519231
0 0.3545661515152319 0.8684223067632153 0.08706034067307693 0.03857103699519231
0 0.3278955524853232 0.2607737016524706 0.06828826778846153 0.02875295485576923
0 0.08050753679892654 0.308698173022143 0.07427846670673077 0.031149034423076923
