0 0.8595550172842606 0.019690937797909428 0.04146201050480769 0.07048541786057692
0 0.7372769702498323 0.1654641240150297 0.07048541786057692 0.04146201050480769
0 0.6674576707362937 0.2843451435321225 0.049754412596153846 0.06081094872596154
0 0.6757766504746149 0.022458393908503606 0.0718674848798077 0.073249551875
0 0.6353906853728273 0.584626130612085 0.08808495019230769 0.051063739254807686
0 0.4753337435005141 0.14129290155487248 0.035933742427884614 0.05390061365384616
0 0.34618855910861246 0.48957975679690385 0.04340417836538461 0.10085088502403847
0 0.24133497785985458 0.18863789428213987 0.07315498939903846 0.05096190274038462
0 0.2179119058508807 0.22973225127166932 0.07562088793269231 0.04767403802884615
0 0.19733311327252467 0.29388908198276864 0.05096190274038462 0.08384054966346154
0 0.11951984193573185 0.803700241789363 0.043633310528846156 0.08445156875000001
0 0.10113245787765227 0.015990013576443526 0.06445160420673077 0.06157108560096154
0 0.03299125160303589 0.4228883741598671 0.09370414372596153 0.042742241009615385
