0 0.8923396323621545 0.07194982255951825 0.0489184353125 0.07714060951923077
0 0.8838888098837372 0.3616726025221605 0.06208878326923077 0.0564443484375
0 0.8495642688267091 0.2567971488167414 0.07243691382211538 0.07055543552884615
0 0.7352045364391468 0.070981946694885 0.022577739370192307 0.05456287014423077
0 0.7561593039591809 0.7347630199110693 0.06594133403846154 0.04658898600961539
0 0.6867643856651026 0.4914855583236929 0.029162913365384617 0.0489184353125
0 0.65481543720654 0.05214681137695307 0.05926656584134615 0.037629565625
0 0.49559892347979834 0.41317354038796683 0.035318615192307695 0.05297792278846154
0 0.3815024492996774 0.5117080577618807 0.035748087331730766 0.04609621788461538
0 0.37728382223095414 0.07991783777765576 0.04797769615384616 0.05362213100961539
0 0.3711555880263037 0.5699989790697519 0.05011515788461539 0.04767051603365385
0 0.3293151717178833 0.14949635209075962 0.05550360927884616 0.02351847851201923
0 0.317370529069752 0.5864812128053057 0.04767051603365385 0.031780344014423076
0 0.3076826941776939 0.34566420744045284 0.05926656584134615 0.04327400045673077
0 0.25219265338404917 0.36165677282506814 0.07055543552884615 0.04327400045673077
0 0.20859571994403536 0.7790011657894264 0.0574490834375 0.03544730680288462
0 0.011819680882835557 0.6372001854920661 0.07211693451923076 0.02566873939903846
