0 0.3152309199933833 0.3865735079481499 0.03712668449519231 0.15323986286057692
0 0.012725684480428424 0.6484973035942415 0.04367331771634615 0.13323126040865385
0 0.3208215929352921 0.5802764960875382 0.07921426216346153 0.12504069483173078
0 0.2589368775242405 0.1295648657314395 0.07699659016826922 0.1008099685576923
0 0.25150378311153615 0.25456506698759357 0.1666936487980769 0.08414060367788462
0 0.15931471419748505 0.09266653193414265 0.07461525230769231 0.11112909920673077
0 0.1533275019701716 0.6963073694666176 0.1062009391826923 0.08001440622596154
0 0.15698298813086511 0.17355950988451713 0.11589177487980769 0.05080187391826923
0 0.11763751115355754 0.7967257991362332 0.06692113975961539 0.11056536134615384
0 0.043123220694833035 0.7198824183885275 0.10401872810096154 0.025459129254807693
