0 0.8119664657188713 0.7448768193106854 0.09800410810096155 0.07840328649038461
0 0.7574991078443684 0.6453732710240903 0.05462373651442308 0.05874512204326923
0 0.7486913855178093 0.6934117050776336 0.046061930817307695 0.06762283459134616
0 0.7107230383584214 0.5623520909691951 0.03297108420673077 0.051178996370192305
0 0.6886279641537131 0.4552924776181699 0.07430796588942308 0.02903423831730769
0 0.6580724565385482 0.5192674059612787 0.03690793007211539 0.030018449783653846
0 0.5695123513985357 0.44667293797569596 0.05265531358173077 0.022636863778846158
0 0.42384663902222397 0.7051698422625337 0.07840328649038461 0.06566275242788461
0 0.8119664657188713 0.7448768193106854 0.09800410810096155 0.07840328649038461
0 0.7574991078443684 0.6453732710240903 0.05462373651442308 0.05874512204326923
0 0.7486913855178093 0.6934117050776336 0.046061930817307695 0.06762283459134616
0 0.7107230383584214 0.5623520909691951 0.03297108420673077 0.051178996370192305
0 0.6886279641537131 0.4552924776181699 0.07430796588942308 0.02903423831730769
0 0.6580724565385482 0.5192674059612787 0.03690793007211539 0.030018449783653846
0 0.5695123513985357 0.44667293797569596 0.05265531358173077 0.022636863778846158
0 0.42384663902222397 0.7051698422625337 0.07840328649038461 0.06566275242788461
0 0.4985440047573908 0.21360156635990654 0.053672888149038464 0.08211493144230769
0 0.411720140987397 0.485460796270629 0.10062311151442307 0.03354103716346154
0 0.2884500070991759 0.4461688470112563 0.04128127651442308 0.07869243336538462
0 0.23334809286441963 0.48967280701420346 0.08062749319711539 0.04966653581730769
0 0.1099397302848789 0.12164865817064997 0.03813031701923077 0.09481051798076923
