0 0.9193727024960705 0.5353309481390418 0.07384711673076924 0.0714649516826923
0 0.7740549077122724 0.3924010447736572 0.06908278661057693 0.0714649516826923
0 0.6703072651290044 0.7171338201770816 0.07655089733173077 0.07655089733173077
0 0.4572384078567921 0.26973386032085006 0.07861144685096154 0.08337577694711538
0 0.3775074579846697 0.08269095572248285 0.13816557324519232 0.04764330110576923
0 0.35490265853215147 0.20893425102270352 0.15960505875 0.038114640889423075
0 0.9193727024960705 0.5353309481390418 0.07384711673076924 0.0714649516826923
0 0.7740549077122724 0.3924010447736572 0.06908278661057693 0.0714649516826923
0 0.6703072651290044 0.7171338201770816 0.07655089733173077 0.07655089733173077
0 0.4572384078567921 0.26973386032085006 0.07861144685096154 0.08337577694711538
0 0.3775074579846697 0.08269095572248285 0.13816557324519232 0.04764330110576923
0 0.35490265853215147 0.20893425102270352 0.15960505875 0.038114640889423075
