0 0.885966578253687 0.7920849505864287 0.06228248706730769 0.03837607790865384
0 0.8280969780402009 0.7446101307870863 0.06983187944711539 0.05787867485576924
0 0.7670379399303116 0.7285744774989598 0.04089254201923077 0.06354071913461538
0 0.47230388279603164 0.6901908380154113 0.046554586298076926 0.05724955882211539
0 0.44273694382015066 0.8836508229484387 0.04781281836538461 0.06291160310096154
0 0.36099722759644265 0.7222576081659694 0.08555978024038462 0.04215077408653846
0 0.32799207654710055 0.7401806095310188 0.10506237718749999 0.036488729807692306
0 0.2234711022086494 0.895955636969507 0.032084917596153846 0.0937382886298077
0 0.17596149959028878 0.526029361394693 0.02264817712019231 0.08870536038461538
0 0.026923392675954907 0.8777657532885885 0.08018692639423076 0.044794076105769236
