0 0.8947373931383484 0.7245374885370056 0.058876191105769235 0.11382730278846154
0 0.8560965084006331 0.003969765960036124 0.07868930932692307 0.03711759875
0 0.7427946211720482 0.215089120125653 0.05970671514423077 0.06717005454326923
0 0.7088612941071096 0.5668512780652507 0.2430012971153846 0.11972259028846154
0 0.6475544918745956 0.1398576518770226 0.12768453966346155 0.06829638168269231
0 0.5233360510327583 0.1885255610624884 0.052412609254807695 0.09546582399038463
0 0.5187709464226029 0.9158949552622846 0.12113136360576923 0.04392675822115385
0 0.47759768496986504 0.36160516274350507 0.058259524927884616 0.04697136259615385
0 0.3409952473061901 0.6983266303669621 0.06123123875 0.1011646553125
0 0.2718445208557058 0.7715218951520028 0.1171380219471154 0.08785351646634616
0 0.2488918519545987 0.05814539970095215 0.11135279622596153 0.023755263192307693
0 0.17515307625702087 0.26532209284835534 0.04118133584134616 0.13664715983173076
0 0.19329600244094403 0.5771408704245155 0.10648911086538462 0.05590678319711539
0 0.16061811649223362 0.7156983065727567 0.051913441538461544 0.15707143853365385
0 0.05080922040983823 0.8181364795776799 0.05856901098557692 0.10915133862980769
