0 0.8772392163951263 0.4817293742120758 0.1155322907451923 0.06931937444711539
0 0.6647884079134789 0.0036675223078945197 0.07465163401442308 0.12264197016826922
0 0.664856770395999 0.36803004788551075 0.13152906947115384 0.1155322907451923
0 0.4594942780098062 0.28985348265474775 0.07287421415865385 0.14041616875000001
0 0.6681483264706507 0.03209769476051079 0.07998389358173076 0.1155322907451923
0 0.6201921715400504 0.3235860061554352 0.10842261132211539 0.10842261132211539
0 0.5793328780287016 0.4355378210973905 0.1261968098798077 0.08709357302884616
0 0.5126732243753759 0.6319448517222169 0.1208645503125 0.08887099288461539
0 0.4966636278860313 0.10495909080719514 0.11020003117788463 0.10486777158653847
0 0.4709273574143629 0.26930420175001146 0.14041616875000001 0.04976775600961539
0 0.4104053567124227 0.17427419277869566 0.06576453473557692 0.101312931875
0 0.3846178144419726 0.11029562322274263 0.053322595721153845 0.10842261132211539
0 0.24331079944214606 0.02232829432729872 0.05154517586538462 0.1208645503125
0 0.15987033683813326 0.8194605105204674 0.13330648932692307 0.08709357302884616
0 0.09231556437520251 0.5501579024814801 0.12264197016826922 0.06754195459134615
0 0.0958832221746717 0.4523613565110136 0.13330648932692307 0.03554839716346154
0 0.00610001966453046 0.17160165402921576 0.11375487088942307 0.0959806723076923
