0 0.8748080985755478 0.7642274826045905 0.06145067485576923 0.05267200701923077
0 0.8199994566081208 0.9266328374122828 0.10973334795673077 0.05267200701923077
0 0.7959056008331982 0.6260214961660099 0.14923735322115383 0.1009546801201923
0 0.7563382879401465 0.41308076890266726 0.09656534620192307 0.05267200701923077
0 0.7300022843343776 0.33408330987362483 0.09656534620192307 0.06145067485576923
0 0.6861300477666767 0.28580063655631716 0.114122681875 0.06145067485576923
0 0.5763544947001548 0.7071028338942308 0.07900801052884615 0.0
0 0.5412292719984284 0.6479048580325734 0.0702293426923077 0.048282673100961536
0 0.5061040492967014 0.6500942493259406 0.06145067485576923 0.04389333918269231
0 0.47106323705494185 0.34285142635459026 0.12290134971153846 0.05267200701923077
0 0.4073493118494879 0.7357231903204456 0.06584000877403846 0.07461867661057692
0 0.34379365601608736 0.8168783869607524 0.1404586853846154 0.03511467134615385
0 0.30860512570977033 0.8717819904552573 0.07900801052884615 0.06584000877403846
0 0.10885350274411176 0.8015526476667957 0.048282673100961536 0.06584000877403846
0 0.11991652359340343 0.6566729745135391 0.12290134971153846 0.039504005264423075
0 0.06285518248763407 0.6105796927299834 0.12290134971153846 0.03511467134615385
