0 0.5782380777299834 0.6136942117107467 0.059936831346153845 0.06282535334134615
0 0.578734400815921 0.4593156397654804 0.08222787884615385 0.0684312548798077
0 0.38948687983251096 0.7317755673086459 0.13142775064903847 0.07365731079326923
0 0.35442185768335094 0.5138998601057746 0.09933569254807692 0.026489518004807693
0 0.12130964136747674 0.5469106212220324 0.026765477740384618 0.05711805673076923
0 0.5782380777299834 0.6136942117107467 0.059936831346153845 0.06282535334134615
0 0.578734400815921 0.4593156397654804 0.08222787884615385 0.0684312548798077
0 0.38948687983251096 0.7317755673086459 0.13142775064903847 0.07365731079326923
0 0.35442185768335094 0.5138998601057746 0.09933569254807692 0.026489518004807693
0 0.12130964136747674 0.5469106212220324 0.026765477740384618 0.05711805673076923
