0 0.9350853742310868 0.12882383612460696 0.030723250264423078 0.08295277567307692
0 0.7085364833509673 0.7010166768605828 0.05991033800480769 0.05991033800480769
0 0.6201942143875103 0.14029151104905344 0.04915720040865385 0.0384040628125
0 0.6048325893875106 0.6949015685435059 0.04915720040865385 0.08448893819711538
0 0.5772075128792993 0.25552954825481355 0.07066347557692308 0.05991033800480769
0 0.3430870839562625 0.4500876737278106 0.03660074161057692 0.04778430153846154
0 0.3113923150831465 0.5804334587085688 0.021506275177884615 0.06451882552884615
0 0.18160689253943824 0.6173309006318762 0.0384040628125 0.08909742572115385
0 0.11861684413793797 0.5182724210437373 0.032259412764423075 0.10906753838942307
0 0.07409028765974573 0.4605795485941255 0.050693362908653845 0.0368679003125
0 0.0533908668938375 0.23174672458614548 0.08295277567307692 0.08295277567307692
0 0.0003544869385920382 0.4406131285641062 0.050693362908653845 0.03994022533653847
