0 0.7989324011566491 0.7102450071959654 0.11510087233173076 0.07150205704326923
0 0.6331604816973697 0.33706010958311194 0.03487905221153846 0.08894158314903847
0 0.6210450424003502 0.07197092839268791 0.11161296709134616 0.08196577271634616
0 0.58695621870825 0.343203769606688 0.04359881526442307 0.12207668276442307
0 0.5128948274227996 0.34049351630440416 0.09068553576923076 0.04359881526442307
0 0.49753414189222 0.7920778945907395 0.08460025432692307 0.062337029495192306
0 0.44971369798859906 0.549371281796586 0.12244773651442308 0.031168514759615386
0 0.4007346035174454 0.5237873042934079 0.12244773651442308 0.046752772115384617
0 0.7989324011566491 0.7102450071959654 0.11510087233173076 0.07150205704326923
0 0.6331604816973697 0.33706010958311194 0.03487905221153846 0.08894158314903847
0 0.6210450424003502 0.07197092839268791 0.11161296709134616 0.08196577271634616
0 0.58695621870825 0.343203769606688 0.04359881526442307 0.12207668276442307
0 0.5128948274227996 0.34049351630440416 0.09068553576923076 0.04359881526442307
0 0.49753414189222 0.7920778945907395 0.08460025432692307 0.062337029495192306
0 0.44971369798859906 0.549371281796586 0.12244773651442308 0.031168514759615386
0 0.4007346035174454 0.5237873042934079 0.12244773651442308 0.046752772115384617
