0 0.9027898976285135 0.17313499823714015 0.0943088269230769 0.021433824300480766
0 0.8170494469736382 0.38644019258503054 0.0900220620673077 0.05358456074519231
0 0.7323523506255486 0.4378762186128477 0.06215809045673077 0.049297795889423075
0 0.52448032254146 0.4475085585621997 0.09216544449519232 0.03858088375
0 0.4172699819418279 0.4089946555612055 0.05787132560096154 0.0943088269230769
0 0.3669030712115732 0.22035639235273552 0.060014708028846155 0.07716176747596154
0 0.3744332476619706 0.32429240687554883 0.08359191475961537 0.06215809045673077
0 0.2436869192965861 0.3231820731057866 0.08359191475961537 0.030007354014423077
0 0.23981912220506646 0.1558359234876859 0.10105735461538462 0.0628801317548077
0 0.1611649738999802 0.12328109568359383 0.05614297478365385 0.06961728875
