0 0.8797651286724819 0.6521497437079038 0.05202108550480769 0.06589337497596154
0 0.798340458459256 0.5619381785953103 0.11444638810096154 0.031212651298076925
0 0.6517247812887159 0.2229862091416942 0.03988283221153846 0.07456355588942308
0 0.590201927809293 0.7987154005317932 0.06936144733173076 0.09884006245192307
0 0.49915043909142126 0.24289636258789066 0.057223194062499996 0.048553013125
0 0.4662204250282569 0.3573302456082136 0.07109548350961538 0.03814879603365385
0 0.44715019519938626 0.6426521440414084 0.07456355588942308 0.09884006245192307
0 0.3578285742911544 0.8255241835557562 0.058957230240384614 0.04161686838942307
0 0.27459900574831236 0.44233970230734554 0.06242530259615385 0.07282951971153845
0 0.8797651286724819 0.6521497437079038 0.05202108550480769 0.06589337497596154
0 0.798340458459256 0.5619381785953103 0.11444638810096154 0.031212651298076925
0 0.6517247812887159 0.2229862091416942 0.03988283221153846 0.07456355588942308
0 0.590201927809293 0.7987154005317932 0.06936144733173076 0.09884006245192307
0 0.49915043909142126 0.24289636258789066 0.057223194062499996 0.048553013125
0 0.4662204250282569 0.3573302456082136 0.07109548350961538 0.03814879603365385
0 0.44715019519938626 0.6426521440414084 0.07456355588942308 0.09884006245192307
0 0.3578285742911544 0.8255241835557562 0.058957230240384614 0.04161686838942307
0 0.27459900574831236 0.44233970230734554 0.06242530259615385 0.07282951971153845
