0 0.9070764890243621 0.6008032576831487 0.06122386826923076 0.0918358023798077
0 0.8438412597182124 0.06301191577769635 0.08571341555288461 0.057142277043269234
0 0.8182945213478874 0.31605094828385016 0.05510148144230769 0.04081591216346154
0 0.7958359580276327 0.5762940873167354 0.04693829899038461 0.07550943752403846
0 0.6845954272833362 0.49568020777872496 0.032652729735576924 0.07346864189903847
0 0.7163087041764804 0.4323762980434654 0.09999898483173077 0.04081591216346154
0 0.5999735430196872 0.46811720268494017 0.0918358023798077 0.0632646638701923
0 0.5509404851910942 0.4803570705440434 0.04693829899038461 0.05918307264423077
0 0.4571031331475073 0.017101373358017022 0.07959102872596155 0.0632646638701923
0 0.43665593110455586 0.31101028124084107 0.04693829899038461 0.0918358023798077
0 0.3866736087359008 0.04874596955757107 0.06122386826923076 0.07346864189903847
0 0.3846622476989815 0.5538453356340433 0.08571341555288461 0.07550943752403846
0 0.20098573720474872 0.43852811923013335 0.08163182435096153 0.06530545947115385
