0 0.8213257529609491 0.42625932213324025 0.026336003509615385 0.06145067485576923
0 0.7928636659067874 0.5601181796671887 0.08339734444711538 0.048282673100961536
0 0.7929375248188738 0.891518166258437 0.1448480193028846 0.05267200701923077
0 0.7599805907955228 0.6940192424311206 0.114122681875 0.0702293426923077
0 0.7182871942136939 0.9419691280137356 0.11851201579326923 0.030725337427884615
0 0.6172481039460348 0.8762029782719755 0.048282673100961536 0.09217601228365384
0 0.6150587126526673 0.678672400522172 0.05267200701923077 0.08339734444711538
0 0.6151325715647536 0.7927212235824442 0.114122681875 0.021946669593750003
0 0.48992576637090585 0.7203763484114968 0.021946669593750003 0.08778667836538462
0 0.45487440282044533 0.9376008967344964 0.07461867661057692 0.048282673100961536
