0 0.8090664575592293 0.711521594668431 0.10048346927884616 0.08152432413461538
0 0.773966972126941 0.36744273383754383 0.07962840961538462 0.10617121283653846
0 0.6577454396471659 0.7787752533213812 0.1281143064423077 0.04555175338942308
0 0.4683867476569147 0.9211552792364033 0.09964446055288462 0.0711746146875
0 0.37794538617256845 0.602824556011031 0.05510001557692308 0.11020003117788463
0 0.35216638925001154 0.37442824048201173 0.04976775600961539 0.11197745103365385
0 0.33949396836671347 0.8336738075956049 0.044128261105769236 0.12384382954326924
0 0.19757358806871794 0.6427588219050772 0.08531615317307692 0.06220969502403846
0 0.1700513523092814 0.37523363381801256 0.10842261132211539 0.04265807658653846
0 0.1409664103216592 0.7702377213196885 0.08540953762019231 0.04839873798076923
0 0.08027669537536977 0.12022729249162124 0.0959806723076923 0.08709357302884616
