0 0.9487060419599148 0.4041322583584793 0.043635920649038464 0.0935055442548077
0 0.9009792545387335 0.8269476462734318 0.09766134622596154 0.062337029495192306
0 0.8833046089198292 0.937071403218178 0.08727184129807693 0.05818122752403846
0 0.5985772295669031 0.05117438892514562 0.04155801966346154 0.10126520572115384
0 0.5705880033104024 0.7136995451784972 0.0935055442548077 0.06025912850961539
0 0.45316412039111614 0.7241389995050157 0.07480443540865385 0.10181714817307694
0 0.4355094544331028 0.2753123872454002 0.08103813834134616 0.10181714817307694
0 0.4189012314354023 0.5007022070235647 0.0935055442548077 0.04986962360576923
0 0.33783811833464295 0.7500703047133008 0.07272653442307692 0.06649283146634616
0 0.10515316804103882 0.9412272053816396 0.10597295014423078 0.05818122752403846
