0 0.8304884875763338 0.85031434909772 0.026336003509615385 0.1448480193028846
0 0.7449756107238984 0.7690536396228388 0.09217601228365384 0.09656534620192307
0 0.6703358314262148 0.18308283703139436 0.07461867661057692 0.1009546801201923
0 0.5606130348971721 0.7997895281899497 0.08339734444711538 0.10534401403846154
0 0.47073192676549797 0.2817953694890092 0.16679468889423077 0.06145067485576923
0 0.3213574068834364 0.5715441644880269 0.05267200701923077 0.10534401403846154
0 0.7172394523339841 0.3059208791864194 0.114122681875 0.048282673100961536
0 0.6316632681173436 0.8151047161764111 0.1272906836298077 0.06584000877403846
0 0.14877322854159913 0.514440618392659 0.07461867661057692 0.0702293426923077
0 0.11804789128198398 0.7954107456032152 0.07461867661057692 0.114122681875
0 0.010461729508829488 0.25554377610282214 0.03511467134615385 0.13168001754807693
0 0.023724692718599703 0.7734851785066682 0.114122681875 0.13168001754807693
0 0.006177908449172685 0.3981074427535306 0.12290134971153846 0.0570613409375
