0 0.632082980206089 0.3231878910800837 0.05624276146634615 0.07499034862980769
0 0.2749968109301903 0.2276279887287063 0.06517018391826923 0.04463711228365385
0 0.25741102194757837 0.09043966598575001 0.0843053003846154 0.03372212014423077
0 0.867615898510684 0.5161346908040172 0.05414767088942308 0.05627946894230769
0 0.5604489246049833 0.6305501991843969 0.052456631346153845 0.06931769141826924
0 0.5017412322245978 0.18996043415301983 0.03322025086538462 0.0710226053125
0 0.4117104729884546 0.9634606184505596 0.06388798639423077 0.028503870865384615
0 0.36056228025150816 0.8042675393074783 0.03243543925480769 0.05799063382211538
0 0.13174187644765284 0.14242799386389376 0.03780235444711538 0.07675023475961538
0 0.11144048094073576 0.9074215924118695 0.06683666269230769 0.01670916567548077
0 0.012744140653227744 0.7105651768319212 0.05322841348557693 0.06053427415865385
