0 0.8487268770260492 0.029743620456008295 0.07611796567307692 0.06440750939903847
0 0.7853069678235657 0.39668063324548125 0.08587667920673077 0.07221448024038461
0 0.737515075768046 0.7342945883496379 0.10734584901442308 0.04098659689903846
0 0.7032915486183088 0.8329490831521011 0.05074531043269231 0.11710456254807691
0 0.6779798857102037 0.4864561060635 0.10149062088942308 0.06831099483173077
0 0.6467801531531128 0.3390878022731659 0.12491153338942307 0.058552281274038456
0 0.47070989781382927 0.4017805360933165 0.07722556110576922 0.08803713963942307
0 0.48778120297458616 0.4719908232534555 0.1451840548557692 0.033979246874999994
0 0.4101334943974203 0.13824162083981467 0.048359898653846156 0.09810150872596154
0 0.21393047708972815 0.08226404181903553 0.048359898653846156 0.08290268343749999
0 0.20277607459897362 0.8602598017282266 0.10435886634615385 0.04069995788461538
0 0.19117564343241508 0.47202052551255086 0.09575969576923077 0.05869142644230769
0 0.19396375094431886 0.1250572377284232 0.10501006567307693 0.04974161004807693
0 0.13526924907368132 0.3040137734866747 0.1284991593028846 0.07046728091346154
0 0.1162798437311332 0.45504204026895917 0.10657127430288461 0.06795849377403845
0 0.10760844980416724 0.08152502541238116 0.10639177706730768 0.042833053100961534
