0 0.8499269207318153 0.29351847156356903 0.054600558870192314 0.11830121088942308
0 0.8581366922674742 0.39267229889928684 0.07098072653846153 0.08736089420673077
0 0.8645833207434589 0.3481102803682333 0.1346813785576923 0.1110211363701923
0 0.7650890679032223 0.7259370704035112 0.03259753548076923 0.030881875721153845
0 0.7728280956651028 0.86328058354001 0.04803847336538462 0.10637090528846153
0 0.7848789557795743 0.7568436913856786 0.08235166860576923 0.05146979288461539
0 0.7651261854341661 0.7130964295103897 0.06347941122596154 0.05318545264423077
0 0.6548378390686541 0.5612188371455772 0.0844764151201923 0.0844764151201923
0 0.6298002053308178 0.7100919979593889 0.10022625524038462 0.055840342211538455
0 0.44074705454153573 0.6965707463504588 0.05440853855769231 0.12313511358173077
