0 0.8046178129687791 0.10919786149945687 0.07702114002403845 0.06510626754807693
0 0.7690629062865201 0.8736557784749446 0.030605510384615384 0.09181653115384615
0 0.6323247252956266 0.2857092701156562 0.048445085961538466 0.03983262622596154
0 0.6616068505200339 0.41709222576876864 0.14076716266826922 0.05665019961538462
0 0.629174455331887 0.8605929240402239 0.08235664612980768 0.10350227146634615
0 0.6056676353846444 0.2913967801400704 0.03821779002403846 0.06943795653846153
0 0.6116055226767925 0.1999178623326552 0.05221303709134616 0.09312222076923077
0 0.6156126078020123 0.4910185078407856 0.07982528127403846 0.14763385353365385
0 0.4360105334732688 0.022628197244678017 0.09252574975961539 0.1649751575721154
0 0.26781100165371324 0.32136767464826416 0.09806856588942307 0.06644832735576923
0 0.1987954027862081 0.24688374831956145 0.059116098125 0.053158661875
0 0.1740026259838145 0.7566339181388392 0.05446798853365385 0.08775398151442307
0 0.07574332652840696 0.41005354591707294 0.025139071634615387 0.1136495530048077
0 0.06847726304979321 0.6015496322498207 0.059763487427884614 0.08624098185096153
0 0.04405699204442499 0.3673462063204399 0.024615340961538463 0.09427151860576923
