0 0.8555931190256625 0.7454533219305314 0.06476889935096154 0.13069438620192309
0 0.704217476886153 0.2040947041626988 0.14894770927884615 0.060794983365384615
0 0.6254627916515757 0.9142289071176959 0.09021382411057692 0.058985961923076924
0 0.5802801079322589 0.29227300491291863 0.09271234963942308 0.08207322754807692
0 0.5352239458765949 0.4261740093830608 0.06939524932692308 0.07980453670673077
0 0.5375732626370364 0.7367330413690942 0.09946652401442307 0.09252699908653847
0 0.4738779273943984 0.38121672333591416 0.08359310213942309 0.10791109548076923
0 0.24210618666475048 0.16385638990341284 0.09119247507211538 0.09271234963942308
0 0.12355386590589211 0.8604545394583545 0.13185097370192309 0.06476889935096154
0 0.0009311981808199008 0.05683916881807039 0.0913148064423077 0.10024777663461538
