0 0.9204728293283095 0.35132346573505124 0.06240256115384615 0.0858035215625
0 0.8162068306756193 0.34054411715233773 0.1150547221153846 0.0409516807451923
0 0.7937504413961952 0.5160888219607236 0.08970368163461538 0.07215296132211538
0 0.7527987611077337 0.08411093635912657 0.08970368163461538 0.04290176079326923
0 0.6308742249050018 0.6096645374650114 0.05265216096153846 0.048752000889423074
0 0.6074732657703863 0.5356083729226092 0.05265216096153846 0.08775360161057691
0 0.48361740144300114 0.32599586375231127 0.031201280576923077 0.10530432192307693
0 0.12874502301830065 0.09974907817469494 0.06630272122596154 0.07410304134615385
0 0.17979597355838542 0.21970478265835902 0.031201280576923077 0.09555392175480769
0 0.15933654040963624 0.21089895251355048 0.04485184081730769 0.07020288127403845
0 0.07648392157599274 0.34450990477374377 0.06630272122596154 0.09555392175480769
