0 0.882878554940366 0.6280154714790877 0.08263135038461539 0.07027526060096154
0 0.8636882288302054 0.031124113088364585 0.06632214673076922 0.06908556951923077
0 0.8366936104744708 0.4071584797371657 0.08185909475961539 0.06486947132211539
0 0.7949918075898554 0.5214597356444736 0.08185909475961539 0.07104751620192308
0 0.7718293321365339 0.09603465576261429 0.08704781759615385 0.04421476449519231
0 0.7573363088823559 0.08295655821491311 0.0994832201201923 0.08428439480769231
0 0.7262294995961424 0.4982920671348581 0.055602403990384616 0.07104751620192308
0 0.7172235001129406 0.37930541922016575 0.06355872396634615 0.06079530117788461
0 0.7211260400269566 0.8540559682408587 0.07618197242788462 0.08870503639423077
0 0.6320068896022965 0.4357412190353698 0.049424359110576924 0.0725920274278846
0 0.645477150673568 0.8132857688837141 0.08557427040865385 0.03026407125
0 0.5548541439166512 0.3433942088849854 0.048359898653846156 0.07184899230769232
0 0.5023422023172848 0.5013551004196038 0.11120480798076923 0.049424359110576924
0 0.456093332794558 0.38412646266665146 0.07461241507211538 0.048359898653846156
0 0.4836030326128541 0.7616454694870735 0.13076583389423077 0.036007983245192304
0 0.37108985029019514 0.18792344535895872 0.05112332144230769 0.048359898653846156
0 0.39672956440721513 0.23007062487119778 0.11606375680288461 0.052505032836538464
0 0.37124550560697117 0.6981987105161912 0.072963545 0.07012080947115384
0 0.3333400874855537 0.8034095366834723 0.07106838798076923 0.09475785064903845
0 0.3192823510994706 0.45119746960908613 0.08185909475961539 0.08185909475961539
0 0.29213295048264715 0.6688123877216625 0.08149175156249999 0.06064502442307692
0 0.19979301946794692 0.7995987221725052 0.12223762733173077 0.07770143752403845
0 0.19030128975750601 0.8374904731640046 0.10897152824519231 0.06822565245192308
0 0.12453242065721495 0.22936482264460636 0.11606375680288461 0.0400696303125
0 0.06580802564351992 0.2045538034139238 0.11468204540865384 0.0898112403846154
