0 0.8197991270414492 0.6068532700273611 0.08123248848557692 0.06913403276442308
0 0.49490656603752564 0.8920062268785249 0.11234280322115384 0.04839382293269231
0 0.48191277472468447 0.4884259241572381 0.08641754093750001 0.039752068822115384
0 0.4335147973429121 0.4366044821878467 0.08296083930288461 0.06394898028846155
0 0.38768649519068976 0.7797049706602199 0.06049227865384615 0.08296083930288461
0 0.4050281689442148 0.6673123110572878 0.10888610158653847 0.04148041966346154
0 0.37471763212283865 0.6941453729769844 0.05530722620192308 0.07777578685096155
0 0.2312894420985985 0.5368280563366772 0.07604743603365384 0.046665472115384604
0 0.2070842214696684 0.36317242330445054 0.06913403276442308 0.08296083930288461
0 0.1699267561942088 0.6232455972020616 0.07086238358173078 0.046665472115384604
0 0.8197991270414492 0.6068532700273611 0.08123248848557692 0.06913403276442308
0 0.49490656603752564 0.8920062268785249 0.11234280322115384 0.04839382293269231
0 0.48191277472468447 0.4884259241572381 0.08641754093750001 0.039752068822115384
0 0.4335147973429121 0.4366044821878467 0.08296083930288461 0.06394898028846155
0 0.38768649519068976 0.7797049706602199 0.06049227865384615 0.08296083930288461
0 0.4050281689442148 0.6673123110572878 0.10888610158653847 0.04148041966346154
0 0.37471763212283865 0.6941453729769844 0.05530722620192308 0.07777578685096155
0 0.2312894420985985 0.5368280563366772 0.07604743603365384 0.046665472115384604
0 0.2070842214696684 0.36317242330445054 0.06913403276442308 0.08296083930288461
0 0.1699267561942088 0.6232455972020616 0.07086238358173078 0.046665472115384604
