0 0.8803288280177516 0.24459717729477728 0.05549387076923077 0.05670025925480769
0 0.8689304867981462 0.07395555482517219 0.10736857605769232 0.10857496454326923
0 0.8093696657740268 0.6679744552031134 0.06996218399038462 0.11368854899038462
0 0.7971460214069434 0.24167545513394492 0.10374941057692307 0.13511551144230768
0 0.7919716176999934 0.6652688865019125 0.14692058639423078 0.045475419591346156
0 0.6309310860520584 0.31921829729648193 0.033019145312500005 0.11603871067307692
0 0.6082620223769183 0.49657971796467615 0.09794705759615385 0.12418287661057693
0 0.5977887169514493 0.9206224491600984 0.11543760360576924 0.038479201201923066
0 0.6011383406958732 0.24347778805164216 0.12908356896634615 0.12908356896634615
0 0.5698122523701865 0.8270417213911103 0.1224338219951923 0.03323203740384616
0 0.5234265674444688 0.388121514903615 0.09269989379807692 0.1101904398076923
0 0.4848969128285931 0.8795890394867846 0.05072258338942308 0.09619800300480769
0 0.46490556222974055 0.13758465080153243 0.04433999514423077 0.092453606875
0 0.4525457093475809 0.37668749083796566 0.0559697471875 0.0559697471875
0 0.4578181000028892 0.7151779072752462 0.07695840240384613 0.09619800300480769
0 0.4893851720269158 0.5253823586567353 0.14692058639423078 0.07695840240384613
0 0.4050390850606452 0.2555010985741033 0.07735914045673077 0.08490637365384615
0 0.3957497861214001 0.7221404898550469 0.09619800300480769 0.06821312939903847
0 0.35373043135938664 0.8515495080209008 0.061216911009615384 0.05072258338942308
0 0.35373463560119284 0.8051764365658514 0.0647150201923077 0.03148298278846154
0 0.31960915085192065 0.7554271852511902 0.048973528798076926 0.11368854899038462
0 0.305705007658648 0.4982362744521716 0.1224338219951923 0.047224474206730774
0 0.2753584328094375 0.30785209170023 0.10849147745192307 0.07830254459134614
0 0.20832684654421088 0.19273637491569198 0.06698169478365384 0.06132126985576923
0 0.20362608154626247 0.09682183668477257 0.12305162649038462 0.06273220173076922
0 0.13248553548556544 0.8953095086141768 0.06996218399038462 0.0787074569951923
0 0.08872553490433742 0.8874534785447197 0.04197731040865385 0.09095083920673078
0 0.08788674531082429 0.4406141750910978 0.07171123860576924 0.12768098579326922
0 0.034715536819035116 0.3112118350917623 0.0462268034375 0.12641615634615386
