0 0.5876644161000776 0.830430455470368 0.039504005264423075 0.03511467134615385
0 0.4581526862700427 0.6241634151620862 0.01755733567548077 0.06145067485576923
0 0.462584224671898 0.34767758337283894 0.05267200701923077 0.09656534620192307
0 0.30235771057123106 0.4815364409067874 0.039504005264423075 0.08339734444711538
0 0.3045682044795908 0.25552267372821524 0.05267200701923077 0.114122681875
0 0.24758072252629215 0.1018010249415217 0.114122681875 0.03511467134615385
0 0.1268054564554534 0.22471292600863307 0.0570613409375 0.04389333918269231
0 0.12023728257535173 0.4024651227252742 0.0702293426923077 0.030725337427884615
0 0.08069107205690607 0.3103207643881461 0.03511467134615385 0.0570613409375
0 0.052155126090658394 0.448600609738813 0.030725337427884615 0.0702293426923077
0 0.04996573479729117 0.39591805146016346 0.03511467134615385 0.06145067485576923
0 0.04788185633849746 0.15006259540465805 0.1272906836298077 0.01755733567548077
