0 0.9666435187246907 0.4289572666925443 0.02727105894230769 0.1137261181971154
0 0.7290831788227222 0.6123852636984272 0.054266610504807695 0.08035632709134616
0 0.5183108808482515 0.49447981388905915 0.08139991574519231 0.09705374569711538
0 0.4128808310879136 0.5497774697464691 0.05844096514423077 0.0866178590625
0 0.4045396474845428 0.4714907596367651 0.06470249713942308 0.07200761778846154
0 0.15187505171516727 0.2532071621185342 0.060110707019230776 0.1081992726201923
0 0.12802628111423478 0.7840819395661229 0.09601015704326922 0.10227168901442307
0 0.0366909498194225 0.7605999402047606 0.07826914975961538 0.10122810036057692
0 0.9666435187246907 0.4289572666925443 0.02727105894230769 0.1137261181971154
0 0.7290831788227222 0.6123852636984272 0.054266610504807695 0.08035632709134616
0 0.5183108808482515 0.49447981388905915 0.08139991574519231 0.09705374569711538
0 0.4128808310879136 0.5497774697464691 0.05844096514423077 0.0866178590625
0 0.4045396474845428 0.4714907596367651 0.06470249713942308 0.07200761778846154
0 0.15187505171516727 0.2532071621185342 0.060110707019230776 0.1081992726201923
0 0.12802628111423478 0.7840819395661229 0.09601015704326922 0.10227168901442307
0 0.0366909498194225 0.7605999402047606 0.07826914975961538 0.10122810036057692
