0 0.934624758665865 0.5945862031834204 0.041473130000000004 0.14219358860576922
0 0.7635359914984451 0.4618112772354613 0.09100389670673076 0.11754669990384616
0 0.7066403270560107 0.6665335848770053 0.07583658060096153 0.08721206766826922
0 0.5957680650208313 0.37454451971341624 0.10806712733173077 0.0720447515625
0 0.47719820969755455 0.3433188988154124 0.04550194836538461 0.11944261442307692
0 0.27152110847000394 0.6505481999098847 0.07014883704326923 0.19527919502403845
0 0.09711064562996943 0.887400789620354 0.08152432413461538 0.08152432413461538
0 0.06781284173102943 0.9233867054349751 0.15546499021634613 0.051189691899038464
0 0.8260586748083566 0.4380599345625982 0.13460993055288462 0.07394066608173076
0 0.5173231130461526 0.009334138998012245 0.05941306439903846 0.13146720634615383
0 0.46492569836214853 0.7916138104187085 0.1668404773076923 0.04550194836538461
0 0.37729257463231564 0.04319819792884957 0.14029767408653845 0.10364332680288461
0 0.12645254654262203 0.4987747740461179 0.12323444346153846 0.1118589563701923
0 0.07336238246925864 0.15655992530270552 0.11944261442307692 0.10996304185096153
0 0.061068561782602164 0.38118249922605973 0.144089503125 0.07394066608173076
