0 0.9217546385598016 0.41241351954263367 0.051574151754807694 0.11051603947115383
0 0.8650106743045604 0.5943168987810015 0.04125932139423077 0.04420641579326923
0 0.7537950550390045 0.48381857016552454 0.07220381245192307 0.058941887716346154
0 0.7066557130168274 0.4484251001233417 0.08399219000000001 0.03536513262019231
0 0.6712905808052886 0.6201376252313123 0.08399219000000001 0.07220381245192307
0 0.5747395875160058 0.6046813197201774 0.05599479331730769 0.0854657371875
0 0.5828635790774658 0.17214031471659474 0.07220381245192307 0.03978577420673077
0 0.5614634944540783 0.33647447746498244 0.04420641579326923 0.06778317086538461
0 0.5158295793783515 0.8139002258371278 0.08251864278846154 0.06483607649038461
0 0.4981293031861365 0.12865827498058435 0.06778317086538461 0.029470943846153844
0 0.47820276423582536 0.8173861468008622 0.03978577420673077 0.0629711183173077
0 0.4487849534014423 0.41087975523425946 0.08399219000000001 0.060415434903846155
0 0.2837476673437501 0.05944760510921321 0.08399219000000001 0.06778317086538461
0 0.19308023766847196 0.035125221099644 0.04715351016826923 0.060415434903846155
0 0.1650757584391755 0.18098514014252606 0.04125932139423077 0.04273286858173077
0 0.14592318676177085 0.4138445605130131 0.04420641579326923 0.07515090682692308
0 0.14447089126453322 0.6695067696322577 0.061888982091346155 0.07662445403846153
0 0.09066693817665966 0.5906843922889122 0.045679962980769234 0.086939284375
