0 0.8277454913712614 0.6814457344372921 0.05544285088942307 0.05365437182692308
0 0.8429927042682139 0.9067854975667993 0.09300091115384615 0.046500455576923075
0 0.763381740987368 0.6224044292802908 0.0733276414903846 0.03576958120192308
0 0.6766125619155072 0.6492961036214288 0.05007741370192308 0.08942395302884616
0 0.5076464310624595 0.8110954190725834 0.08763547396634615 0.04113501838942308
0 0.4834611214565228 0.9363147486623983 0.05365437182692308 0.06259676711538462
0 0.06310694425532773 0.5004092357770895 0.1065963204326923 0.05610332653846154
0 0.6373004156354303 0.1857839320161681 0.07869307867788462 0.04292349745192307
0 0.46160964450568015 0.6812196552871038 0.05332227872596154 0.05722390887019231
0 0.18209165217129147 0.2072757752335372 0.04471197651442308 0.06796220430288462
0 0.17046868795141495 0.4728670653405836 0.046500455576923075 0.06975068336538462
