0 0.8168712387404077 0.06217011740399052 0.05987987201923077 0.1382939901201923
0 0.5196043518376134 0.17922354379045208 0.05178386889423077 0.02337148065625
0 0.5087337932003222 0.19554645628484416 0.15810119266826922 0.06873964899038462
0 0.42453157870556374 0.2264501059491437 0.06599006302884615 0.044451639687499996
0 0.7589368775242404 0.6295648657314394 0.07699659016826922 0.1008099685576923
0 0.7515037831115361 0.7545650669875935 0.1666936487980769 0.08414060367788462
0 0.6593147141974851 0.5926665319341426 0.07461525230769231 0.11112909920673077
0 0.6569829881308652 0.6735595098845172 0.11589177487980769 0.05080187391826923
0 0.6003295786796469 0.4252160172290761 0.07804405146634616 0.03630926459134615
0 0.5656405474282891 0.4830603315236975 0.03714396033653846 0.07094913771634616
0 0.5072309084006625 0.45215251163461534 0.05300317935096154 0.05091644
0 0.4206838947422803 0.40352797338332685 0.09682470557692308 0.04799500492788462
0 0.3540754817789906 0.23615901624768862 0.11682467012019232 0.06826501807692308
0 0.26074482512264796 0.24882675156018863 0.04855965204326924 0.06826501807692308
0 0.2114983275522664 0.317793841023946 0.06263491348557693 0.06685749192307693
0 0.20593927602359913 0.190399190856688 0.12175101163461538 0.05559728276442308
