0 0.8783558555543581 0.6751155018046471 0.09833043122596154 0.06760217146634616
0 0.7093282682997119 0.28180855003048144 0.07989347536057692 0.07989347536057692
0 0.6724691285568253 0.134312903395866 0.09218477927884615 0.07989347536057692
0 0.6417260952227889 0.3463600553139735 0.07989347536057692 0.09833043122596154
0 0.6448654002439093 0.05133921534064113 0.13520434293269232 0.07374782341346155
0 0.5710437119752567 0.14353876789339856 0.07374782341346155 0.08603912730769231
0 0.4235037466126283 0.15891028432605597 0.03687391170673077 0.09218477927884615
0 0.4358836893571161 0.44466094034064124 0.1106217351201923 0.07374782341346155
0 0.2730017511529791 0.35551205389862217 0.09218477927884615 0.043019563653846155
0 0.23608352136727379 0.5706246454057358 0.05531086757211538 0.05531086757211538
0 0.21151568690080122 0.036012018609583016 0.06760217146634616 0.10447608317307691
0 0.2115600056288141 0.5214889762324044 0.10447608317307691 0.07989347536057692
0 0.15313938024448714 0.6014119979365057 0.07374782341346155 0.10447608317307691
