0 0.8775504660667649 0.2088560414909047 0.08242666754807693 0.12952762043269234
0 0.8494740516033534 0.6354870028201854 0.08789191399038462 0.15694984639423076
0 0.7843699301953124 0.08919773133812181 0.11578984249999999 0.1766285733173077
0 0.6780374579472253 0.7402379108826044 0.05221422209134615 0.16301025432692307
0 0.6252987831358635 0.0757230480191383 0.05926860903846154 0.1043127519230769
0 0.573719221863154 0.859862848771698 0.14390749014423077 0.09169326805288461
0 0.4838061233571214 0.5427783927819896 0.035658493124999996 0.10952251461538462
0 0.3800067846335002 0.6599726265346765 0.029290905072115386 0.13499286685096154
0 0.3947373931383484 0.22453748853700567 0.058876191105769235 0.11382730278846154
0 0.40658339613246597 0.35207898113674185 0.11775238221153847 0.09420190576923076
0 0.32659251699574143 0.7376204646925272 0.09041975045673077 0.1044284441826923
0 0.2654575489903847 0.7083601732048297 0.08532567999999999 0.12989879641826924
0 0.20927031481009037 0.46884773467074237 0.05298857199519231 0.09223936605769231
0 0.20886129410710966 0.06685127806525074 0.2430012971153846 0.11972259028846154
0 0.15931322357791708 0.7745585983108356 0.24706241682692312 0.10952251461538462
0 0.028629193375439156 0.6343890048240163 0.12353120836538461 0.04075256358173077
0 0.018770946422602908 0.4158949552622847 0.12113136360576923 0.04392675822115385
