0 0.8898025273396761 0.7573279981946595 0.07461867661057692 0.10973334795673077
0 0.8854553986754288 0.590438347725274 0.10973334795673077 0.030725337427884615
0 0.8700874543918731 0.8407358939733094 0.10534401403846154 0.11851201579326923
0 0.7734693517005478 0.5862811421272306 0.06145067485576923 0.22385602985576922
0 0.7801852436572555 0.42142261380749585 0.17118402283653847 0.008778667836538462
0 0.6856615707201718 0.7551280555937961 0.04389333918269231 0.10534401403846154
0 0.6550522973622411 0.7880955409246428 0.1404586853846154 0.1448480193028846
0 0.626484697473506 0.14934721847939395 0.10973334795673077 0.06145067485576923
0 0.6067063166807274 0.414907196224488 0.08778667836538462 0.06584000877403846
0 0.5496871808049417 0.5049465734878306 0.12290134971153846 0.114122681875
0 0.5234144850561955 0.7331602835076508 0.1755733567548077 0.08778667836538462
0 0.46405823981043715 0.4368855196181294 0.09217601228365384 0.09217601228365384
0 0.4619110537470531 0.5597130104656586 0.13168001754807693 0.030725337427884615
0 0.31481033537794106 0.6190270502290011 0.08339734444711538 0.07900801052884615
0 0.2819378118145573 0.8253679496897536 0.12290134971153846 0.114122681875
0 0.2225815665808468 0.6673941337658907 0.039504005264423075 0.14923735322115383
0 0.0031254219748808997 0.8692718401799417 0.048282673100961536 0.12290134971153846
0 0.053734653102232736 0.687014245186616 0.1580160210576923 0.039504005264423075
