0 0.45180834948672677 0.13512959536352415 0.09666022295673077 0.10984116245192309
0 0.3265313352061184 0.015068276059425836 0.04833011149038462 0.1362030414423077
0 0.2672716760280199 0.12346249245166305 0.0937311253125 0.15084852978365385
0 0.2178943879223489 0.5850017184808386 0.09164821139423077 0.1583014560576923
0 0.16839878712237658 0.2391442474536565 0.08055018581730769 0.1362030414423077
0 0.14538695352059444 0.48415463833785044 0.07331856913461539 0.12997382709134617
0 0.45180834948672677 0.13512959536352415 0.09666022295673077 0.10984116245192309
0 0.3265313352061184 0.015068276059425836 0.04833011149038462 0.1362030414423077
0 0.2672716760280199 0.12346249245166305 0.0937311253125 0.15084852978365385
0 0.2178943879223489 0.5850017184808386 0.09164821139423077 0.1583014560576923
0 0.16839878712237658 0.2391442474536565 0.08055018581730769 0.1362030414423077
0 0.14538695352059444 0.48415463833785044 0.07331856913461539 0.12997382709134617
