0 0.7138556553298644 0.7071450388838295 0.08339734444711538 0.03511467134615385
0 0.6984771597388129 0.9069072131569841 0.0702293426923077 0.07461867661057692
0 0.6502050377290008 0.7269128686094964 0.07900801052884615 0.048282673100961536
0 0.6194691491618899 0.8213099260849668 0.0702293426923077 0.0702293426923077
0 0.5997329733587106 0.6457471206616934 0.08339734444711538 0.07900801052884615
0 0.5032098324348477 0.09048055295525723 0.11851201579326923 0.06584000877403846
0 0.905512333460556 0.36051427476608733 0.04389333918269231 0.1404586853846154
0 0.8264937715761371 0.2726326348736247 0.03511467134615385 0.06145067485576923
0 0.46003187012813773 0.22439216702668488 0.07461867661057692 0.09656534620192307
0 0.3788766734878306 0.6676410338357528 0.114122681875 0.03511467134615385
0 0.3173943448057276 0.33411496355572756 0.08778667836538462 0.08778667836538462
0 0.029866594782180386 0.4570268646228388 0.06584000877403846 0.09656534620192307
0 0.05847639990089934 0.6369790039403431 0.13168001754807693 0.08778667836538462
