0 0.9296493980549361 0.6742670275087832 0.03687391170673077 0.08603912730769231
0 0.7637315683961552 0.44381246605682534 0.04916521560096154 0.09218477927884615
0 0.7668413259920196 0.065891803929104 0.07989347536057692 0.12291303901442308
0 0.7668708734172751 0.8401553107038475 0.10447608317307691 0.04916521560096154
0 0.7145663520500014 0.5421428973068254 0.04916521560096154 0.09218477927884615
0 0.717661338343109 0.032039012049712164 0.06760217146634616 0.07989347536057692
0 0.696144169037884 0.4161644187755119 0.06145651951923077 0.09833043122596154
0 0.5671445715686544 0.08117468122304336 0.1106217351201923 0.05531086757211538
0 0.4933228833000012 0.6620200433521806 0.04916521560096154 0.12291303901442308
0 0.5087387174991334 0.5759218232733334 0.09218477927884615 0.07374782341346155
0 0.428860015965352 0.7265124557202868 0.10447608317307691 0.09218477927884615
0 0.2814234620057377 0.4376372676700316 0.15364129877403848 0.06760217146634616
0 0.1891943632296485 0.14566709381948606 0.11676738706730769 0.024582607812499997
0 0.11848243279724467 0.5882722197944883 0.08603912730769231 0.12291303901442308
0 0.10622067517442309 0.7449494117299024 0.1106217351201923 0.09218477927884615
