0 0.9192947585633552 0.0627766198615768 0.037250884711538465 0.08567703483173077
0 0.8271316407093369 0.11210567411999589 0.06456820016826924 0.06208480783653846
0 0.7284033644167783 0.21272186587491917 0.05339293475961538 0.0943689079326923
0 0.6142150753747342 0.21636934824250498 0.09312721177884614 0.029800707764423076
0 0.5931659377500635 0.08660762265541201 0.14279505805288462 0.026075619302884614
0 0.5365657854365637 0.13763954379105606 0.05711802322115385 0.12789470415865384
0 0.4105470571618148 0.37413042671716085 0.06829328862980769 0.08443533867788461
0 0.3801031150195599 0.35493040150185473 0.04966784627403846 0.12292791954326923
0 0.11535171650543753 0.01622047622070324 0.08319364252403846 0.091885515625
0 0.039306769843085405 0.2549305805540693 0.09064381944711539 0.08691873098557693
0 0.5587464783064151 0.08045883863651039 0.0707766809375 0.07574346557692307
