0 0.8986819363716372 0.5599712880321397 0.060277681201923075 0.08407150274038461
0 0.8820167282059566 0.46875973220908274 0.05234640735576923 0.08248524795673078
0 0.8606003817699472 0.6305462792900853 0.050760152596153844 0.07296771935096154
0 0.8757250920082805 0.24112264014917145 0.09676154088942307 0.07455397411057693
0 0.8043398149895984 0.007102397890509387 0.09358903134615384 0.03489760490384615
0 0.7860845389398516 0.20308303079376036 0.08248524795673078 0.09993405040865386
0 0.7390638408781258 0.7668500167240081 0.04103808060096154 0.039622974375
0 0.7281576428202429 0.7088528029154438 0.05869142644230769 0.07096011564903847
0 0.7297782152791582 0.6392535216663972 0.0872440122596154 0.05869142644230769
0 0.7003924640770907 0.4370422631695229 0.053932662139423077 0.08883026704326923
0 0.649935961259361 0.9571835053012033 0.06084956778846154 0.04103808060096154
0 0.6075832144696516 0.4608246453346316 0.04282887875 0.07931273841346154
0 0.5576638538436984 0.5369343693655523 0.08248524795673078 0.053932662139423077
0 0.5433684952046447 0.6797163640502499 0.06662270026442307 0.0697952098076923
0 0.5268557352191487 0.935254461177018 0.08915169233173076 0.04528339927884616
0 0.4709097140525608 0.75204412778537 0.04811361173076923 0.08349126742788462
0 0.4759323212344563 0.8206376602093829 0.10613296706730768 0.05094382420673076
0 0.44828842506786815 0.8921192340777551 0.06509488646634615 0.0665099926923077
0 0.07200864521833976 0.16103826713098648 0.03530669165865385 0.09200173298076922
0 0.7239032733318117 0.30899573229451754 0.1206221520673077 0.05815710903846154
0 0.2983143790938772 0.11427390335388546 0.08773658610576923 0.05235893043269231
0 0.044267093479971514 0.05555890079809431 0.05801935533653846 0.06226467401442308
