0 0.4998284497686878 0.24577722427858611 0.10616218754807692 0.09211130978365384
0 0.36976869911915783 0.2715897075140995 0.032004777139423075 0.13582515173076923
0 0.08208165399913915 0.5170851502659255 0.06159677728365384 0.11027810125000001
0 0.029919660861397416 0.2991688709766492 0.1186518566826923 0.025759942572115387
0 0.9128808310879136 0.04977746974646912 0.05844096514423077 0.0866178590625
0 0.6280262811142348 0.28408193956612293 0.09601015704326922 0.10227168901442307
0 0.5366909498194224 0.2605999402047606 0.07826914975961538 0.10122810036057692
0 0.9128808310879136 0.04977746974646912 0.05844096514423077 0.0866178590625
0 0.6280262811142348 0.28408193956612293 0.09601015704326922 0.10227168901442307
0 0.5366909498194224 0.2605999402047606 0.07826914975961538 0.10122810036057692
