0 0.8762817250455341 0.8114426707961871 0.04069995788461538 0.07618197242788462
0 0.8893679755213632 0.3829880631585728 0.07513838377403846 0.025046127932692307
0 0.7150954121057057 0.17821200930406927 0.06753178194711539 0.033765890985576925
0 0.6398027198969409 0.04898473728414498 0.0935055442548077 0.027272450408653844
0 0.5577368769934876 0.4358123337509533 0.08684744858173077 0.04753755079326923
0 0.35154121211633815 0.5340837818627209 0.04753755079326923 0.04479499978365385
0 0.3254770884227937 0.7425352388924398 0.03930989776442308 0.059421938509615385
0 0.26788131970003926 0.6515816551492578 0.037481530432692305 0.0658212241826923
0 0.23268414976776286 0.4056266921178982 0.036567346778846155 0.03291061209134615
0 0.22950758124257475 0.6177238961347483 0.05576520382211539 0.03839571411057692
0 0.22356428846171184 0.6698455505626792 0.054851020144230773 0.049365918149038464
0 0.20801437605864573 0.4865374408538854 0.04753755079326923 0.037481530432692305
0 0.16912750792193879 0.4655353893884059 0.019197857052884616 0.057593571153846154
0 0.16094380600218997 0.568844736674487 0.05576520382211539 0.06307867317307693
0 0.12347106576102525 0.36451479759632716 0.06307867317307693 0.054851020144230773
