0 0.858358941887106 0.2627899746417056 0.053688260072115385 0.10187003189903845
0 0.811651394726274 0.5973184989578807 0.10028471225961538 0.10351970295673077
0 0.7959909809106878 0.5158617958113847 0.0797964376923077 0.06793480507211538
0 0.7647323646876156 0.7482510347196574 0.09057974009615385 0.07548311675480769
0 0.7302646792154565 0.5066843239458039 0.12292964725961539 0.05822983290865384
0 0.5641966380725025 0.44898717593958015 0.11861632632211538 0.052838181730769235
0 0.5037894075871104 0.4171595850343818 0.10136304247596153 0.03881988860576923
0 0.4309489774190727 0.576289763248457 0.05715150266826923 0.10244137271634615
0 0.3854809938339037 0.2999686976973928 0.046805149807692306 0.11012976423076924
0 0.22660150900477294 0.8426295559751177 0.053916511971153845 0.09597139129807693
0 0.22384091830913125 0.16518906645689846 0.1251567031971154 0.08343780213942308
0 0.14440231891971392 0.03391248232219605 0.06613972120192307 0.07122739206730769
0 0.11931672266061291 0.3714303471238498 0.061464823629807694 0.12185131704326922
0 0.10047056867568879 0.546603279911965 0.08195309817307693 0.07548311675480769
0 0.11513560077888084 0.42851963838407825 0.17145450802884615 0.07009146555288462
0 0.06387732845084836 0.8318488456631961 0.14018293110576924 0.09812805177884616
