0 0.7025467177060599 0.8319637178657489 0.09497909144230768 0.07785171430288461
0 0.5678239517925991 0.9105621351099066 0.06228137144230769 0.051382131442307695
0 0.46592476815649275 0.5632103414646703 0.08220556620192307 0.07171123860576924
0 0.4073503589153796 0.051626586383164835 0.09794705759615385 0.08395462079326924
0 0.30936966577402686 0.16797445520311338 0.06996218399038462 0.11368854899038462
0 0.2787338811829409 0.8002639997990248 0.047224474206730774 0.11893571278846153
0 0.29197161769999336 0.16526888650191263 0.14692058639423078 0.045475419591346156
0 0.16247010145432675 0.6594209578199544 0.08745273 0.08220556620192307
0 0.1563925573877532 0.6173679671281262 0.12418287661057693 0.01923960060096154
0 0.09778871695144929 0.4206224491600984 0.11543760360576924 0.038479201201923066
0 0.07765146472716943 0.5107471122199461 0.09619800300480769 0.0787074569951923
0 0.08379207567836401 0.672507333866812 0.11193949439903846 0.0559697471875
0 0.06981225237018655 0.3270417213911102 0.1224338219951923 0.03323203740384616
0 0.019941071780522176 0.7705006404788335 0.10319422139423076 0.09444894838942308
