0 0.7470654259175642 0.5421281240689427 0.07374782341346155 0.07989347536057692
0 0.445972799934039 0.4283818567087819 0.1106217351201923 0.03687391170673077
0 0.4213458730329486 0.15496682422990224 0.07374782341346155 0.09218477927884615
0 0.19703696301125048 0.7910639609917308 0.07989347536057692 0.1106217351201923
0 0.1847456601266355 0.30551313721564105 0.07989347536057692 0.07374782341346155
0 0.16630870339586584 0.6189266137494221 0.07989347536057692 0.06145651951923077
0 0.16324326452801385 0.12111403233846268 0.08603912730769231 0.04916521560096154
0 0.1325150049126292 0.86786245067221 0.08603912730769231 0.09218477927884615
0 0.14485062892910347 0.5728268374730436 0.12291303901442308 0.05531086757211538
0 0.10483741045849333 0.19185550923458308 0.06760217146634616 0.10447608317307691
0 0.07720413712416821 0.6466189804799023 0.08603912730769231 0.09218477927884615
0 0.0587228616653862 0.10279526217166686 0.04916521560096154 0.1474956468269231
