0 0.6230256602279607 0.08873857102807756 0.06978784966346153 0.13678418536057693
0 0.5379616537997236 0.490629350302532 0.1339926713701923 0.06420482170673077
0 0.34947070991060686 0.22548920452581822 0.080953905625 0.10886904548076924
0 0.2545525240115919 0.10959775678323778 0.07537087764423077 0.07257936365384615
0 0.23779002001407035 0.6163078731171411 0.06420482170673077 0.11445207346153846
0 0.23937178849277144 0.7973177370238825 0.06996409598557693 0.12327007387019231
0 0.14704232851417987 0.4544269034800007 0.04466422379807692 0.13678418536057693
0 0.07866701199967083 0.31902840949929495 0.05862179372596154 0.12840964341346153
0 0.10246534130703336 0.5087775466174244 0.11724358745192308 0.06699633569711538
0 0.03678088300214958 0.4558193052420315 0.04745573778846154 0.1339926713701923
0 0.004528362329968212 0.7573222363093736 0.09994870853365384 0.10994357939903845
