0 0.8906918761272652 0.1670113425234316 0.07822685788461539 0.1067858694951923
0 0.8614527863105005 0.3296725255433501 0.028972910336538458 0.10595807206730769
0 0.7671669532408584 0.04559225378718456 0.09809399639423076 0.0707766809375
0 0.6737129488325456 0.8915231447303188 0.08443533867788461 0.091885515625
0 0.667819336198485 0.47578774873252017 0.08816042713942308 0.02731731545673077
0 0.638945456524853 0.7611301238389886 0.08443533867788461 0.07946855403846155
0 0.6185216440065063 0.7772453104365638 0.13782827341346154 0.05711802322115385
0 0.3648399900134927 0.19844573760320353 0.08360754122596153 0.08857432586538462
0 0.18845595316576721 0.12571001202876533 0.03104240391826923 0.0943689079326923
0 0.15221847210642792 0.8840311799077175 0.09933569254807692 0.05711802322115385
