0 0.8983027814417297 0.008058476442654347 0.09033307951923077 0.07059644028846154
0 0.7158822349531365 0.8720847742115847 0.09109218100961539 0.09261038403846154
0 0.6874167643280784 0.36326321381434334 0.13132456096153847 0.18294346353365384
0 0.5325126139573609 0.3486724069182517 0.09185128252403846 0.04326878598557692
0 0.47821952111042115 0.398826024571497 0.07742835387019231 0.08729667348557692
0 0.24860682471096082 0.5612208292740213 0.09033307951923077 0.04326878598557692
0 0.2415399822996021 0.025493195816787766 0.09223083326923076 0.050100699567307685
0 0.21129222224606478 0.23807988272172012 0.11006971872596154 0.042509684471153844
0 0.1163881046551986 0.5935780162562119 0.056932613125 0.08312161516826923
0 0.8983027814417297 0.008058476442654347 0.09033307951923077 0.07059644028846154
0 0.7158822349531365 0.8720847742115847 0.09109218100961539 0.09261038403846154
0 0.6874167643280784 0.36326321381434334 0.13132456096153847 0.18294346353365384
0 0.5325126139573609 0.3486724069182517 0.09185128252403846 0.04326878598557692
0 0.47821952111042115 0.398826024571497 0.07742835387019231 0.08729667348557692
0 0.24860682471096082 0.5612208292740213 0.09033307951923077 0.04326878598557692
0 0.2415399822996021 0.025493195816787766 0.09223083326923076 0.050100699567307685
0 0.21129222224606478 0.23807988272172012 0.11006971872596154 0.042509684471153844
0 0.1163881046551986 0.5935780162562119 0.056932613125 0.08312161516826923
