0 0.8076545131426538 0.014427065825050859 0.1129079446875 0.02945424644230769
0 0.6949065150864173 0.18337918868169836 0.09924528189903846 0.04102138317307692
0 0.6858434643098761 0.452414133434813 0.09446564581730768 0.05046794776442308
0 0.6634067573679036 0.7581303719599437 0.06358377009615385 0.03576587067307692
0 0.5558085521576829 0.2990738813673031 0.1087001951923077 0.05435009759615385
0 0.4398843960901094 0.8207278101912387 0.07550572697115385 0.041726849110576926
0 0.3667004582602742 0.7451090747038527 0.07013333254807692 0.04234465360576923
0 0.3280122130610614 0.06033566505657137 0.07246679680288462 0.06599654706730769
0 0.2164949506715169 0.07887263453327242 0.05822389870192308 0.06748679168269231
0 0.23179108055776756 0.8142760541960984 0.1122650940625 0.04669433115384615
