0 0.5101696262523407 0.34178881434200525 0.05072119194711538 0.06632771254807693
0 0.48089333139602203 0.7173183714512933 0.03901630149038461 0.06437689747596154
0 0.4828488359394939 0.297864993757888 0.042917931658653846 0.0409671165625
0 0.24390447117502387 0.3466963334717662 0.0682785276201923 0.09168830850961539
0 0.21756143312788917 0.012143271735449771 0.06242608240384616 0.10144238389423078
0 0.11720056107092475 0.7613712817128272 0.05031767100961538 0.027554915072115386
0 0.10401348469024486 0.7027047708407396 0.043129432283653846 0.05870394949519231
0 0.06507287198669796 0.28940408411785773 0.03953531293269231 0.0778725860576923
0 0.04474651445543643 0.7763539787668156 0.07308042692307692 0.033545113990384616
0 0.08860312091088976 0.40199966456618086 0.17970596786057694 0.0611000290625
0 0.0076044000569174906 0.8237183089757074 0.07068434735576924 0.06828826778846153
0 0.8278955524853232 0.7607737016524706 0.06828826778846153 0.02875295485576923
0 0.803015574816678 0.23154666004432092 0.06437689747596154 0.048770376875
0 0.8284465130164802 0.10570736408832991 0.12290134971153846 0.03901630149038461
0 0.7503810822460069 0.1642458846658018 0.09558993867788461 0.05072119194711538
0 0.6356087272572171 0.2677932895347745 0.0670902280048077 0.03953531293269231
0 0.5805075367989265 0.8086981730221429 0.07427846670673077 0.031149034423076923
0 0.5248289267093893 0.3205099200390625 0.09943730221153846 0.0419313925
0 0.49481457335532997 0.7134986486391688 0.04672355163461538 0.06828826778846153
0 0.3480561396892048 0.4564975153978483 0.04792159141826923 0.05031767100961538
0 0.3432812599865939 0.38047238710755465 0.062298068846153846 0.09224906348557692
0 0.27682893060465974 0.2839682664455726 0.09464514307692308 0.040733352716346156
0 0.24681457797175493 0.7386978026463685 0.0419313925 0.10183338177884615
0 0.235834284267116 0.9307453454863168 0.06739913024038462 0.03418796461538462
0 0.18871396831953274 0.362470111404112 0.04552551185096154 0.06589218822115385
0 0.19920549626109496 0.8673097649111559 0.06837592923076924 0.08107431608173078
0 0.11386672072999506 0.5613043972887098 0.07068434735576924 0.03234707420673077
0 0.061767829501201965 0.7092781502906864 0.083862785 0.04552551185096154
