0 0.9111246280409522 0.17970885821679097 0.032284100072115386 0.0819519463701923
0 0.8385286833637379 0.6676297811844433 0.06829328862980769 0.02731731545673077
0 0.8348065795083385 0.191479600446734 0.0707766809375 0.060843111682692304
0 0.839174902419824 0.2678155580825863 0.08940212329326923 0.037250884711538465
0 0.7105951759958626 0.30322330023408606 0.03600918855769231 0.05339293475961538
0 0.5448481407314683 0.14365191215063328 0.05215123858173077 0.04221766932692307
0 0.5001649880558606 0.09277520295046122 0.06705159247596154 0.06953498478365384
0 0.47966953938904194 0.0797150069620527 0.060843111682692304 0.05090954242788462
0 0.37348213162178723 0.7123845702489078 0.04221766932692307 0.07201837709134616
0 0.18597407251210607 0.04437890145184217 0.032284100072115386 0.0943689079326923
0 0.15871048418477268 0.5441034000093901 0.07698516173076923 0.045942757812500006
0 0.0941601932880106 0.3467214686596538 0.091885515625 0.08567703483173077
