0 0.516963863174175 0.05087937462529467 0.06902814091346153 0.1509990582451923
0 0.5394783761075896 0.8915852364718938 0.12164217151442308 0.05165626461538461
0 0.46953252526901684 0.30253918968235716 0.15496879382211537 0.053322595721153845
0 0.3811689089147156 0.7924605658376189 0.11497684704326924 0.06998590689903847
0 0.3420401696439591 0.7699510762609212 0.13997181377403847 0.058321589086538464
0 0.28868152353807425 0.8907500681051511 0.10997785367788461 0.049989933485576926
0 0.28702320371171786 0.9340906996062837 0.11664317814903846 0.06332058242788462
0 0.22863351937523102 0.6208685169341716 0.0599879201923077 0.10331252923076922
0 0.2420042243179376 0.7341469880665218 0.09331454252403847 0.07665123134615384
0 0.20289551312552012 0.6999531523946873 0.1349728204326923 0.04832360237980769
0 0.15871971326969286 0.6025388746264793 0.1199758403846154 0.10331252923076922
0 0.11368070579757417 0.7950301605961075 0.07998389358173076 0.12830749596153845
0 0.013748906058155012 0.9265902067203101 0.1199758403846154 0.061654251298076924
