0 0.9498293053888914 0.12339955123361795 0.047779803557692305 0.09773141637019231
0 0.8227706340213862 0.12342565481838237 0.041264375793269234 0.11944950889423077
0 0.7619495335081705 0.16578898690525007 0.03257713879807692 0.13030855516826922
0 0.5622213925797719 0.10921753240991351 0.09773141637019231 0.04343618504807693
0 0.5524310444731186 0.3075958092872538 0.10233656163461538 0.0614019369951923
0 0.530967426881241 0.25543122294537607 0.1248506051923077 0.08391598055288461
0 0.4297149248123151 0.20696461096223193 0.07601332384615385 0.05646704057692308
0 0.3733642018302168 0.49894795944515047 0.12075714274038461 0.047074818365384616
0 0.3549190205293374 0.8274606224453354 0.10028983040865384 0.05730847451923076
0 0.23641868067949087 0.06582833367982041 0.07166970533653846 0.08252875161057692
0 0.18980570232231184 0.2156205238215666 0.13899579216346153 0.03040532954326923
