0 0.1883001110544567 0.7386050900261186 0.04752855730769231 0.09409694173076924
0 0.8570845156196811 0.5685303779100697 0.02138566857451923 0.09674469117788462
0 0.8329307787326641 0.6476501299345878 0.048372345576923076 0.048372345576923076
0 0.7277902578337938 0.7775821076254217 0.10945970771634615 0.08161469435096154
0 0.674163312293824 0.625322543663236 0.11511890846153847 0.1437495178125
0 0.47212320121532925 0.6888444474242732 0.04090009115384615 0.04214062699519231
0 0.46492373397897213 0.29546317140220496 0.05603918050480769 0.09270032663461537
0 0.4691053664988504 0.5126039504389908 0.07303587704326922 0.059680745240384615
0 0.4285099751506736 0.2752737321269417 0.04399337536057692 0.07122736961538462
0 0.37328941887513284 0.5431546169077063 0.04423887411057692 0.12979518721153846
0 0.28600687059515395 0.3730728789804167 0.04120014516826923 0.06494260170673077
0 0.2814929523423633 0.5140280496283862 0.06093278884615384 0.02921435081730769
0 0.21524048317475247 0.9116525629393664 0.043461461394230766 0.03807685555288461
0 0.17571643405322532 0.18086321563254099 0.030883742283653846 0.037283076274038464
0 0.16890543721731696 0.16432521074421003 0.03561368480769231 0.0765746391826923
