0 0.9103930758229123 0.8358608868456744 0.04093462466346154 0.12735216560096155
0 0.7443696277121278 0.6339028189420766 0.05086695649038461 0.10394551980769232
0 0.6548713231613177 0.5674908185775126 0.11058034021634616 0.05086695649038461
0 0.4513131189890267 0.7279093992113249 0.03538570887019231 0.11500355382211538
0 0.3462591376947923 0.7400493129959089 0.03317410206730769 0.09509909259615384
0 0.361809498003594 0.6647908852274986 0.09067587899038461 0.04202052927884615
0 0.34303469537484993 0.8812727362192585 0.07504681187500001 0.06822437442307693
0 0.28109382409783545 0.7256180468986629 0.09731069939903847 0.0486553496875
0 0.25561515674726715 0.10422564759208004 0.059713383725961536 0.10615712661057691
0 0.05769495513382969 0.7477872785766747 0.07519463134615384 0.09288748579326923
0 0.026769674274772445 0.4901164784953714 0.10615712661057691 0.07740623814903845
