0 0.8016277229478318 0.22672966016691143 0.06511993259615384 0.03306088887019231
0 0.7941343549634513 0.24077957443654072 0.08215129959134616 0.053097791201923074
0 0.733521521291432 0.26737543157544386 0.08114945447115383 0.09216975076923076
0 0.6602329063364171 0.36041812917260896 0.07346864189903847 0.10908980161057692
0 0.5983258792089842 0.10959247193974778 0.15079856187500001 0.04383072387019231
0 0.5145762183117603 0.28035606895016646 0.04608487538461538 0.05610332653846154
0 0.31183752061809494 0.5150752930944896 0.0935055442548077 0.04897909461538462
0 0.1124040396839462 0.2578085332944248 0.10319004704326923 0.05109410096153846
0 0.8016277229478318 0.22672966016691143 0.06511993259615384 0.03306088887019231
0 0.7941343549634513 0.24077957443654072 0.08215129959134616 0.053097791201923074
0 0.733521521291432 0.26737543157544386 0.08114945447115383 0.09216975076923076
0 0.6602329063364171 0.36041812917260896 0.07346864189903847 0.10908980161057692
0 0.5983258792089842 0.10959247193974778 0.15079856187500001 0.04383072387019231
0 0.5145762183117603 0.28035606895016646 0.04608487538461538 0.05610332653846154
0 0.31183752061809494 0.5150752930944896 0.0935055442548077 0.04897909461538462
0 0.1124040396839462 0.2578085332944248 0.10319004704326923 0.05109410096153846
