0 0.45066249266379066 0.07949415053107098 0.04966784627403846 0.12541131185096155
0 0.43017977523550205 0.5667217341224806 0.054082765937500006 0.06787938990384615
0 0.38849075544760076 0.6443005487046967 0.034767492403846155 0.10264688230769231
0 0.3675862169570544 0.4751665415703296 0.08995398826923078 0.11313231651442307
0 0.32920308045077906 0.6268299103638414 0.06622379504807693 0.030352572716346154
0 0.33584887875580766 0.16574576829445395 0.08567703483173077 0.08691873098557693
0 0.3204143655919183 0.7802947997233555 0.10043942247596155 0.06898311983173076
0 0.26063820838289636 0.2583073517173053 0.012416961569711539 0.1328614887980769
0 0.22708683741150285 0.701405969300602 0.04856411637019231 0.09216144810096154
0 0.21043458213043753 0.23399726909685292 0.08319364252403846 0.05215123858173077
0 0.17129876691126011 0.3190728574021995 0.06456820016826924 0.06829328862980769
0 0.08190559813352337 0.10922620692142991 0.07201837709134616 0.06829328862980769
0 0.06637693409413731 0.2998041806445602 0.06580989632211538 0.04966784627403846
0 0.09613896683157473 0.6122897278515338 0.1484516738701923 0.10043942247596155
