0 0.8578382293455591 0.3424373544177029 0.043459365504807695 0.05960141552884615
0 0.8035677556696388 0.15336822248717183 0.08816042713942308 0.04221766932692307
0 0.7731208286808606 0.7642857164803591 0.06705159247596154 0.04470106165865385
0 0.6687914878745898 0.023022959200461154 0.04470106165865385 0.06953498478365384
0 0.4508991836133678 0.02237375505746699 0.06580989632211538 0.045942757812500006
0 0.38012847229679986 0.2645134603302399 0.0707766809375 0.05339293475961538
0 0.2658655622597597 0.003114032851447045 0.04842615012019231 0.034767492403846155
0 0.15598291453234764 0.6358104595407267 0.05463463091346154 0.07822685788461539
0 0.12183776248445592 0.3360109816313217 0.05587632706730769 0.13658657725961537
0 0.04241398114396501 0.3215956652067104 0.09312721177884614 0.023592226983173075
