0 0.8476263525925998 0.17334846638533208 0.08883026704326923 0.050760152596153844
0 0.7301863031297966 0.19083921307391855 0.041242623990384614 0.0856577575
0 0.6814572584638785 0.31516466786681746 0.05072119194711538 0.048120105192307694
0 0.4811443055336424 0.05284648738714632 0.041242623990384614 0.09517528610576922
0 0.4860151842387727 0.28101468593053675 0.053774036658653844 0.05094382420673076
0 0.3986819363716372 0.059971288032139775 0.060277681201923075 0.08407150274038461
0 0.3905040189516686 0.4487064747481163 0.06084956778846154 0.05235893043269231
0 0.4323772175899706 0.37943430343692186 0.16698253485576922 0.10896317951923076
0 0.3606003817699473 0.13054627929008544 0.050760152596153844 0.07296771935096154
0 0.23906384087812577 0.2668500167240081 0.04103808060096154 0.039622974375
0 0.2281576428202428 0.20885280291544372 0.05869142644230769 0.07096011564903847
0 0.22977821527915823 0.13925352166639707 0.0872440122596154 0.05869142644230769
0 0.2239032733318117 0.8089957322945176 0.1206221520673077 0.05815710903846154
0 0.1499359612593611 0.4571835053012033 0.06084956778846154 0.04103808060096154
0 0.057663853843698355 0.03693436936555231 0.08248524795673078 0.053932662139423077
0 0.04336849520464469 0.17971636405024996 0.06662270026442307 0.0697952098076923
0 0.030354382066238382 0.4770154026145871 0.056604249110576925 0.05801935533653846
0 0.026855735219148715 0.43525446117701794 0.08915169233173076 0.04528339927884616
