0 0.8615650477700856 0.4988529354068914 0.13326494471153846 0.09994870853365384
0 0.830568105583684 0.10927204998280901 0.080953905625 0.06699633569711538
0 0.8448909121998083 0.9102804217827175 0.11993845024038462 0.07662734322115385
0 0.7233066718730067 0.582103482418697 0.13659656834134615 0.06663247235576923
0 0.668640163042917 0.13861314347543569 0.06420482170673077 0.09211996156249999
0 0.6716144492323296 0.8303214549557947 0.09328546129807691 0.07662734322115385
0 0.6616756394734941 0.7786692756879277 0.1399281919471154 0.06663247235576923
0 0.5133663317487115 0.6920790965880989 0.09661708492788461 0.09328546129807691
0 0.3983892778513891 0.29397810469547425 0.06663247235576923 0.11660682663461538
0 0.3364432882015936 0.09254309733126859 0.05862179372596154 0.08374541961538462
0 0.2541707949945104 0.17752291037172946 0.12282661543269231 0.05836008927884616
0 0.2352037900844236 0.24224583844160255 0.11993845024038462 0.03997948341346154
0 0.0568858437878779 0.25904010461107946 0.05663760151442308 0.15325468641826923
