0 0.4370530089709401 0.6579969252196112 0.07243691382211538 0.051740652716346154
0 0.3923396323621544 0.5719498225595182 0.0489184353125 0.07714060951923077
0 0.38388880988373725 0.8616726025221605 0.06208878326923077 0.0564443484375
0 0.34956426882670905 0.7567971488167414 0.07243691382211538 0.07055543552884615
0 0.2352045364391469 0.570981946694885 0.022577739370192307 0.05456287014423077
0 0.15481543720654006 0.5521468113769531 0.05926656584134615 0.037629565625
0 0.4370530089709401 0.6579969252196112 0.07243691382211538 0.051740652716346154
0 0.3923396323621544 0.5719498225595182 0.0489184353125 0.07714060951923077
0 0.38388880988373725 0.8616726025221605 0.06208878326923077 0.0564443484375
0 0.34956426882670905 0.7567971488167414 0.07243691382211538 0.07055543552884615
0 0.2352045364391469 0.570981946694885 0.022577739370192307 0.05456287014423077
0 0.15481543720654006 0.5521468113769531 0.05926656584134615 0.037629565625
