0 0.8239210625637656 0.7217004116955206 0.04014894305288462 0.06500305067307692
0 0.7703707553817547 0.8459801412480641 0.024854107620192308 0.07265046838942307
0 0.7637045417624352 0.7527990678551739 0.04588450634615385 0.0908130855048077
0 0.7493725272111049 0.7082760682342711 0.051620069639423075 0.03058967091346154
0 0.6938988759279368 0.6796717847388418 0.026765962043269233 0.09176901271634616
0 0.6949260382324797 0.8445703783052019 0.08603344942307692 0.09272493992788461
0 0.8424348823949473 0.32136366690897766 0.024983512596153848 0.09755466826923076
0 0.8037770719326692 0.21955499495006253 0.03093196798076923 0.022604130451923075
0 0.7817806563193129 0.26661785836922713 0.04163918766826923 0.08089899319711538
0 0.7830075253673667 0.2047253242568013 0.07257115564903846 0.05710517165865384
0 0.6996505245829964 0.008962284587445782 0.04014894305288462 0.06978268675480769
