0 0.3208215929352921 0.5802764960875382 0.07921426216346153 0.12504069483173078
0 0.2589368775242405 0.1295648657314395 0.07699659016826922 0.1008099685576923
0 0.25150378311153615 0.25456506698759357 0.1666936487980769 0.08414060367788462
0 0.15931471419748505 0.09266653193414265 0.07461525230769231 0.11112909920673077
0 0.1533275019701716 0.6963073694666176 0.1062009391826923 0.08001440622596154
0 0.15698298813086511 0.17355950988451713 0.11589177487980769 0.05080187391826923
0 0.11763751115355754 0.7967257991362332 0.06692113975961539 0.11056536134615384
0 0.043123220694833035 0.7198824183885275 0.10401872810096154 0.025459129254807693
0 0.6903775470064606 0.5249298045443382 0.07649740937499999 0.13756113088942307
0 0.5894431964097753 0.5892260833714522 0.1227984729326923 0.03556458504807692
0 0.41790474402635575 0.02082407523665749 0.09531897992788461 0.09787216689903847
0 0.3168712387404077 0.5621701174039905 0.05987987201923077 0.1382939901201923
0 0.01960435183761344 0.679223543790452 0.05178386889423077 0.02337148065625
0 0.008733793200322245 0.6955464562848441 0.15810119266826922 0.06873964899038462
