0 0.7622581430088238 0.5336350134413139 0.10124127334134615 0.08973658317307692
0 0.6455690489474795 0.7897972080949516 0.1081248943028846 0.063072855
0 0.5387127905057901 0.7537679537067192 0.0926784808173077 0.07337046399038462
0 0.06739698226871643 0.5543489869101619 0.1196487775721154 0.09433845925480769
0 0.06398705844715001 0.8097199216380826 0.15416284802884617 0.06672720288461538
0 0.793100505105255 0.7602635817223903 0.1196487775721154 0.07823189302884614
0 0.6642535054851321 0.304688913972529 0.12425065362980768 0.08743564514423077
0 0.5250163339246542 0.5358861715488342 0.0989403353125 0.048319698629807686
0 0.2684976962496245 0.564683849030083 0.1288525296875 0.07823189302884614
0 0.21381110144563037 0.808481737042778 0.060498452764423075 0.07980646959134616
0 0.12342244714234137 0.43707305147599623 0.032213132427884615 0.15416284802884617
