0 0.5769906330386698 0.09796999059720551 0.14752584817307693 0.039103236874999996
0 0.5162204728850772 0.3060488904439023 0.1199758403846154 0.13330648932692307
0 0.47045444883745713 0.19097590891312638 0.16829944276442307 0.053322595721153845
0 0.26953937839502834 0.17113214851030895 0.06665324466346154 0.1799637605769231
0 0.2525522703667887 0.4814732736161129 0.060432275168269226 0.14219358860576922
0 0.2362488064720669 0.2901726804130163 0.09664720475961538 0.09498087362980769
0 0.1716732578071839 0.4201074256629645 0.05510001557692308 0.10486777158653847
0 0.16814832647065076 0.5320976947605108 0.07998389358173076 0.1155322907451923
0 0.12019217154005037 0.8235860061554352 0.10842261132211539 0.10842261132211539
0 0.5769906330386698 0.09796999059720551 0.14752584817307693 0.039103236874999996
0 0.5162204728850772 0.3060488904439023 0.1199758403846154 0.13330648932692307
0 0.47045444883745713 0.19097590891312638 0.16829944276442307 0.053322595721153845
0 0.26953937839502834 0.17113214851030895 0.06665324466346154 0.1799637605769231
0 0.2525522703667887 0.4814732736161129 0.060432275168269226 0.14219358860576922
0 0.2362488064720669 0.2901726804130163 0.09664720475961538 0.09498087362980769
0 0.1716732578071839 0.4201074256629645 0.05510001557692308 0.10486777158653847
0 0.16814832647065076 0.5320976947605108 0.07998389358173076 0.1155322907451923
0 0.12019217154005037 0.8235860061554352 0.10842261132211539 0.10842261132211539
