0 0.9636734477709813 0.6151257339600765 0.02731731545673077 0.06953498478365384
0 0.7116300224899743 0.479215224354082 0.04470106165865385 0.11547774259615386
0 0.6042218122782514 0.7734643801888694 0.043459365504807695 0.08816042713942308
0 0.41112462804095207 0.679708858216791 0.032284100072115386 0.0819519463701923
0 0.33480657950833853 0.6914796004467341 0.0707766809375 0.060843111682692304
0 0.33917490241982384 0.7678155580825863 0.08940212329326923 0.037250884711538465
0 0.23205620907564606 0.18391841323054384 0.0707766809375 0.045942757812500006
0 0.21059517599586255 0.8032233002340861 0.03600918855769231 0.05339293475961538
0 0.154144266165172 0.361861505753831 0.07450176942307693 0.1043024771875
0 0.15041917770363344 0.3853761265829557 0.07450176942307693 0.039734277019230775
0 0.07587562033295597 0.4003570713695854 0.039734277019230775 0.1067858694951923
0 0.04484814073146822 0.6436519121506332 0.05215123858173077 0.04221766932692307
0 0.0001649880558606507 0.5927752029504613 0.06705159247596154 0.06953498478365384
