0 0.9329313786329858 0.06328059436263407 0.05587576264423077 0.10745338971153846
0 0.7657511572375129 0.4897784649063308 0.08252875161057692 0.05212342206730769
0 0.7364186806794908 0.5658283336798204 0.07166970533653846 0.08252875161057692
0 0.6745456099141898 0.421395187312315 0.09121598860576922 0.07601332384615385
0 0.6898057023223119 0.7156205238215665 0.13899579216346153 0.03040532954326923
0 0.580017090173441 0.3410800105431188 0.04560799430288461 0.11076227187500001
0 0.4504424117698316 0.05791567394603485 0.0365341525 0.11390059310096154
0 0.46062500902387077 0.6179726385644531 0.09338779786057692 0.09990322562500001
0 0.3976164371698755 0.17820997875889882 0.07166970533653846 0.12379312740384615
0 0.252774668825496 0.05149430051809833 0.0752173728125 0.1353912710576923
0 0.0914174359469477 0.2661029947909635 0.09338779786057692 0.06949789608173076
0 0.8452184072548482 0.8623195082687106 0.062322966033653844 0.08811177956730767
0 0.756065672292495 0.4873459234813585 0.09026084735576924 0.12034779649038461
0 0.7109352492155716 0.7409204251318647 0.09026084735576924 0.10745338971153846
0 0.47239388929441906 0.6141512553096975 0.09455898295673076 0.1289440676682692
0 0.4261708507192178 0.8655715231434045 0.07951550838942308 0.1117515253125
0 0.23060568148844898 0.30250542905545025 0.07951550838942308 0.10315525413461539
0 0.04478622456060478 0.1821679645857122 0.14183847442307693 0.1117515253125
0 0.8452184072548482 0.8623195082687106 0.062322966033653844 0.08811177956730767
0 0.756065672292495 0.4873459234813585 0.09026084735576924 0.12034779649038461
0 0.7109352492155716 0.7409204251318647 0.09026084735576924 0.10745338971153846
0 0.47239388929441906 0.6141512553096975 0.09455898295673076 0.1289440676682692
0 0.4261708507192178 0.8655715231434045 0.07951550838942308 0.1117515253125
0 0.23060568148844898 0.30250542905545025 0.07951550838942308 0.10315525413461539
0 0.04478622456060478 0.1821679645857122 0.14183847442307693 0.1117515253125
