0 0.9174594573690886 0.8069797356977222 0.08222984108173076 0.06521677050480769
0 0.504868639541767 0.6637761674221638 0.06238125875 0.05671023524038461
0 0.41188095568356453 0.4698943367717095 0.04143657872596154 0.1220077040625
0 0.38579759390544105 0.7049013121400299 0.07939432932692306 0.06521677050480769
0 0.36124731582614855 0.4721908350718266 0.05064470735576923 0.11740363975961537
0 0.3205671912407256 0.7119934996541872 0.06805228228365384 0.06805228228365384
0 0.19095227393075062 0.31103751700859833 0.09668535038461538 0.10819551115384615
0 0.10792425737119776 0.8920791691684197 0.08506535283653846 0.093571888125
0 0.09234598312699363 0.7459855601738745 0.09924291165865386 0.03969716466346153
0 0.017153800354856138 0.47812171656515806 0.05671023524038461 0.11625598221153846
