0 0.619292728332534 0.043650505335209325 0.04150978266826923 0.06578769889423076
0 0.79911234207612 0.2688924894863513 0.07094315733173076 0.060624152644230773
0 0.7070497246843798 0.8947318533298758 0.05849105740384616 0.07735914045673077
0 0.6325207967997643 0.879628315765908 0.05849105740384616 0.06981190723557693
0 0.4594571603897005 0.714057485246134 0.10094424423076924 0.06698169478365384
0 0.43477675002756333 0.26695302510320346 0.1160888029326923 0.05675452586538462
0 0.39024038468076827 0.32562841130477993 0.08642166439903846 0.045145645576923084
0 0.4115775933413174 0.12381404275237497 0.13156730997596153 0.08771153997596154
0 0.3551418337031075 0.5999123864299127 0.04339659098557692 0.07264211968749999
0 0.2640908600905198 0.8220443775413161 0.033019145312500005 0.039622974375
0 0.23957369123416694 0.7508184981352566 0.042453186826923076 0.04056637853365385
0 0.23365189115303717 0.21864005281567828 0.061591559326923076 0.10447992264423077
0 0.79911234207612 0.2688924894863513 0.07094315733173076 0.060624152644230773
0 0.7070497246843798 0.8947318533298758 0.05849105740384616 0.07735914045673077
0 0.6325207967997643 0.879628315765908 0.05849105740384616 0.06981190723557693
0 0.4594571603897005 0.714057485246134 0.10094424423076924 0.06698169478365384
0 0.43477675002756333 0.26695302510320346 0.1160888029326923 0.05675452586538462
0 0.39024038468076827 0.32562841130477993 0.08642166439903846 0.045145645576923084
0 0.4115775933413174 0.12381404275237497 0.13156730997596153 0.08771153997596154
0 0.3551418337031075 0.5999123864299127 0.04339659098557692 0.07264211968749999
0 0.2640908600905198 0.8220443775413161 0.033019145312500005 0.039622974375
0 0.23957369123416694 0.7508184981352566 0.042453186826923076 0.04056637853365385
0 0.23365189115303717 0.21864005281567828 0.061591559326923076 0.10447992264423077
