0 0.8920130212480354 0.8955656385557276 0.08778667836538462 0.08778667836538462
0 0.8328044943192664 0.6936035219220945 0.1272906836298077 0.04389333918269231
0 0.44867974421938567 0.8011580297727613 0.07900801052884615 0.0570613409375
0 0.90952815183536 0.48589412111891517 0.05267200701923077 0.0570613409375
0 0.8414776492731544 0.5956380202629495 0.039504005264423075 0.06584000877403846
0 0.8392988092872831 0.3674243104835141 0.05267200701923077 0.09217601228365384
0 0.8547300611754287 0.12596873962853078 0.10973334795673077 0.0570613409375
0 0.8547300611754287 0.409064950527864 0.10973334795673077 0.04389333918269231
0 0.8239941726083176 0.8216834413640093 0.1009546801201923 0.06145067485576923
0 0.8196681463186771 0.790947552796898 0.15362668713942307 0.05267200701923077
0 0.758143612406591 0.34543543554199235 0.09217601228365384 0.0570613409375
0 0.729639320122446 0.1588623658069064 0.114122681875 0.03511467134615385
0 0.692282501137753 0.51439841340306 0.07461867661057692 0.03511467134615385
0 0.40924959808339495 0.53419789681083 0.1404586853846154 0.07461867661057692
0 0.36973504148743774 0.6658568117439153 0.13168001754807693 0.0570613409375
0 0.25330690408084666 0.9248275129458384 0.039504005264423075 0.0570613409375
0 0.2577595458200524 0.2554488145757442 0.09217601228365384 0.05267200701923077
0 0.14357355624430837 0.5978063089413251 0.039504005264423075 0.04389333918269231
0 0.1326265995370862 0.9116595110227613 0.06145067485576923 0.0570613409375
0 0.07995459256593249 0.45520043754140277 0.06145067485576923 0.08339734444711538
0 0.07997569518092422 0.6483416811565909 0.07900801052884615 0.09217601228365384
0 0.07557580997919763 0.27963763187774476 0.0702293426923077 0.09217601228365384
