0 0.4156269790778707 0.9045705500419516 0.18169779278846152 0.09531687490384615
0 0.12808320509002874 0.5367964888142279 0.09531687490384615 0.16978318343749998
0 0.07597468962332993 0.5605970664479707 0.11021013661057692 0.14595396471153846
0 0.435682940656464 0.08036832001485067 0.07148765617788462 0.14297531235576924
0 0.37910286867254 0.25910894112550265 0.08340226555288462 0.16084722641826923
0 0.2644712945624825 0.005887691049284372 0.12212474598557692 0.13106070300480768
0 0.09603672438074981 0.6753266217685316 0.09441757478365384 0.06963296141826923
0 0.09020939061170939 0.014737725392820627 0.1131887889423077 0.059573046826923076
0 0.09027383348687698 0.22178628408399576 0.1668045310817308 0.08638091788461538
0 0.057487177051735186 0.3751761392798865 0.14893261704326924 0.0774449608653846
