0 0.9402534893353599 0.3454776407719755 0.05267200701923077 0.09217601228365384
0 0.8392988092872831 0.09969604386773641 0.05267200701923077 0.10973334795673077
0 0.7493121883210349 0.34980366706161575 0.048282673100961536 0.039504005264423075
0 0.7581119587244879 0.2291550161999584 0.06584000877403846 0.08778667836538462
0 0.6681042351432483 0.30596308417601803 0.04389333918269231 0.08339734444711538
0 0.6769567618437963 0.10400096754238505 0.10534401403846154 0.039504005264423075
0 0.6703674853487023 0.26639577128296626 0.1009546801201923 0.030725337427884615
0 0.5913172697821804 0.20276625629709438 0.06584000877403846 0.04389333918269231
0 0.5189090870078473 0.15668352582103479 0.07900801052884615 0.048282673100961536
0 0.4684581250121639 0.4771260043975648 0.1009546801201923 0.06584000877403846
0 0.43987997381593225 0.5956169176479579 0.06145067485576923 0.048282673100961536
0 0.3520827441430521 0.4858835698114196 0.05267200701923077 0.048282673100961536
0 0.341156890291206 0.5429554619842997 0.09217601228365384 0.0570613409375
0 0.33237822226236 0.6329526342580437 0.09217601228365384 0.0702293426923077
0 0.31923132319465947 0.6680145491147953 0.10973334795673077 0.026336003509615385
0 0.26647490576353894 0.36085613636302677 0.039504005264423075 0.10534401403846154
0 0.27968511267621493 0.23574429269505248 0.07461867661057692 0.09217601228365384
0 0.3060844238865744 0.6592780865563168 0.1272906836298077 0.06145067485576923
0 0.2643066170851631 0.461789714036497 0.06145067485576923 0.08778667836538462
0 0.21825554053159096 0.6242056201516848 0.09217601228365384 0.09656534620192307
0 0.24027606915521568 0.9138383512490175 0.15362668713942307 0.04389333918269231
0 0.1567837631569837 0.05796044229630873 0.07461867661057692 0.07900801052884615
0 0.14151078016012156 0.22913391382535137 0.14923735322115383 0.0702293426923077
0 0.0559240443956001 0.457337072297291 0.15362668713942307 0.03511467134615385
