0 0.6953393081669235 0.2728256352803716 0.1018190848798077 0.07326007326923077
0 0.6636895024883274 0.7501906600531216 0.11299435028846154 0.01738374619711538
0 0.5516577996509224 0.5736937011181642 0.1390699695673077 0.1291364003125
0 0.5000871133213235 0.5128505895797024 0.10554417334134615 0.1291364003125
0 0.479891592198855 0.11073802179375475 0.09064381944711539 0.034767492403846155
0 0.3879583197024372 0.25913414424015924 0.05090954242788462 0.045942757812500006
0 0.2557490197616953 0.258544637075831 0.07698516173076923 0.07201837709134616
0 0.24081583256763686 0.013984221344651429 0.04966784627403846 0.11671943875
0 0.24210530121790066 0.3603368698272522 0.08940212329326923 0.04966784627403846
0 0.20917496701758403 0.15363772851542282 0.06829328862980769 0.08567703483173077
0 0.1358910149039904 0.06483705174853803 0.04842615012019231 0.06953498478365384
0 0.14121005953428364 0.4818589279443071 0.08319364252403846 0.17135406966346153
