0 0.9232608114153972 0.3681956822742929 0.019698779610576922 0.07209469221153847
0 0.877413880401777 0.23842133097748686 0.07093063427884615 0.07934613326923076
0 0.8830540361306165 0.8585158546428322 0.08706034067307693 0.05276384283653846
0 0.8816519732226274 0.29310906959856936 0.09617713122596154 0.06852620600961538
0 0.7782008693116965 0.11580126870172075 0.045684137331730774 0.08415498983173077
0 0.691041789136378 0.024404094503628824 0.046886351466346156 0.060110707019230776
0 0.6573884619547141 0.013563937835411728 0.05409963632211538 0.0432797090625
0 0.6111046630293949 0.1921259717479313 0.055301850456730764 0.07093063427884615
0 0.3965657932715421 0.09835904889524195 0.10218820192307693 0.07573949084134615
0 0.4038224272790022 0.021371104793679558 0.13825462612980768 0.03726863834134615
0 0.28020219050414313 0.9198605952964358 0.06717788944711539 0.04711176663461539
0 0.2431182421139693 0.8121488442435972 0.06281568882211538 0.07590229067307692
0 0.200814333677798 0.48579961361062324 0.07066764992788462 0.028790524038461537
0 0.08098313642763028 0.13197191586547105 0.10098598778846155 0.03486421007211538
0 0.036814269854440015 0.5986539289216787 0.05408293889423077 0.05276384283653846
0 0.06742956388397407 0.7162433469687847 0.15267702146634615 0.12824869802884614
0 0.0016023240245352569 0.31396030993895035 0.07213284841346154 0.04536479920673077
