0 0.843810879059206 0.8207118024282889 0.05231115725961539 0.07994724033653845
0 0.7934761003043236 0.8280941576681248 0.05428516319711539 0.06316818987980768
0 0.7905316994888647 0.9164273642680114 0.06810320473557693 0.06020718098557692
0 0.5497741536090628 0.9415710277508147 0.12732338274038463 0.03948011867788462
0 0.5144385247113942 0.04133309344203609 0.0826021298798077 0.04616001377403846
0 0.2821593797867451 0.47552067556975774 0.10231343257211539 0.04738727403846154
0 0.20679440681785083 0.8017290167194722 0.08310305245192308 0.04847678060096154
0 0.15720340454633178 0.3527782122416444 0.08077376254807692 0.07538884504807693
0 0.08988028571040575 0.6031807595499435 0.0710809110576923 0.07861979555288462
0 0.07046351589785987 0.3974846777242336 0.04523330701923077 0.0850816965625
0 0.08776774127773682 0.513734173162878 0.10554438307692307 0.031232521514423076
0 0.0004621772524500879 0.5913158188299742 0.04738727403846154 0.06354202653846154
