0 0.22908317882272222 0.11238526369842713 0.054266610504807695 0.08035632709134616
0 0.8688893773188157 0.13648910706800127 0.06432071925480769 0.10671392057692307
0 0.7782345528183942 0.6693365779726215 0.046778704903846155 0.11402309322115384
0 0.6496106850122505 0.0034516229488141125 0.06139705019230769 0.09794291341346154
0 0.6357777222122322 0.19414196342504747 0.10671392057692307 0.032160359639423076
0 0.5516923676846223 0.5070237489380027 0.08186273360576922 0.07309172641826923
0 0.5148817741935273 0.7812920418588492 0.06585461901442308 0.0727413765625
0 0.8688893773188157 0.13648910706800127 0.06432071925480769 0.10671392057692307
0 0.7782345528183942 0.6693365779726215 0.046778704903846155 0.11402309322115384
0 0.6496106850122505 0.0034516229488141125 0.06139705019230769 0.09794291341346154
0 0.6357777222122322 0.19414196342504747 0.10671392057692307 0.032160359639423076
0 0.5516923676846223 0.5070237489380027 0.08186273360576922 0.07309172641826923
0 0.5148817741935273 0.7812920418588492 0.06585461901442308 0.0727413765625
