0 0.8697459996317375 0.5180571283410284 0.10330307360576924 0.06737156973557692
0 0.8203185879106762 0.40580896737454925 0.08533732168269231 0.098811635625
0 0.7382985595803381 0.6909774906006437 0.04266866084134616 0.06737156973557692
0 0.6855268634493168 0.5214446011090053 0.04491437983173077 0.0830916026923077
0 0.5833979326450396 0.4697120888653124 0.08758304067307693 0.015720032939903844
0 0.4744130811008286 0.8684108845452916 0.03144006588942308 0.08533732168269231
0 0.41045057855858763 0.708970234350557 0.06512585074519231 0.08982875966346154
0 0.3711801872351726 0.7920564388722149 0.08982875966346154 0.08533732168269231
0 0.3015197116175404 0.6494505835609282 0.05389725579326923 0.0830916026923077
0 0.18817298378917824 0.67969491201312 0.10554879259615385 0.022457189915865386
0 0.19381697227345474 0.6684771137931365 0.13025170151442308 0.03144006588942308
