0 0.6265566204934824 0.45341889703266597 0.06707353057692308 0.04643552117788462
0 0.4401804491462589 0.16965246876626636 0.07610265968749999 0.05159502353365385
0 0.34538544583993064 0.44764391419150434 0.08513178882211539 0.07094315733173076
0 0.24541233597459805 0.49280506227550597 0.0786824108653846 0.08384191322115385
0 0.27051882091207435 0.003567826922556791 0.14248463884615384 0.05343173956730769
0 0.07323409939123732 0.26447847881752157 0.0954507935096154 0.06836340617788461
0 0.031961181171499244 0.3225011755864575 0.0980305446875 0.050305147932692314
0 0.6265566204934824 0.45341889703266597 0.06707353057692308 0.04643552117788462
0 0.4401804491462589 0.16965246876626636 0.07610265968749999 0.05159502353365385
0 0.34538544583993064 0.44764391419150434 0.08513178882211539 0.07094315733173076
0 0.24541233597459805 0.49280506227550597 0.0786824108653846 0.08384191322115385
0 0.27051882091207435 0.003567826922556791 0.14248463884615384 0.05343173956730769
0 0.07323409939123732 0.26447847881752157 0.0954507935096154 0.06836340617788461
0 0.031961181171499244 0.3225011755864575 0.0980305446875 0.050305147932692314
