0 0.904219309705587 0.4606712905236455 0.050844215048076916 0.07549595567307693
0 0.8928755929257578 0.26387262254172056 0.09223935423076922 0.03547667471153847
0 0.860912473599124 0.23730349274269585 0.06385801447115384 0.06740568192307693
0 0.8403288572203795 0.47686936563384114 0.09244402735576923 0.09244402735576923
0 0.8201441458855228 0.01379191405888838 0.0886916867548077 0.060310346995192304
0 0.8110401005853887 0.5677134001515695 0.08011815704326922 0.04314054610576923
0 0.7886827939578519 0.5061284928930807 0.0662515529326923 0.08011815704326922
0 0.7843610901547764 0.8506447666918227 0.07265895877403847 0.07669556759615384
0 0.7864285127095567 0.08295863761369134 0.07804868435096154 0.049667344591346155
0 0.7216942414820059 0.004016640496862218 0.08691785302884615 0.04434584338942308
0 0.6382996199429087 0.5358182453933991 0.09969855250000001 0.03582916730769231
0 0.5922867756924638 0.5046849157883289 0.051407066129807694 0.05452264588942308
0 0.5966112471568163 0.020887249155042316 0.06385801447115384 0.060310346995192304
0 0.588622599318833 0.18228053471413916 0.05853651326923077 0.03902434216346154
0 0.5784794853032547 0.8980724946432367 0.06054913230769231 0.07467726317307692
0 0.5557874870428359 0.3189296926853734 0.04257200963942308 0.09223935423076922
0 0.5736269993197289 0.4883449732750383 0.07944728401442308 0.06854275483173076
0 0.5682384354560084 0.03153877952154206 0.07095334939903847 0.06740568192307693
0 0.5494831283820845 0.5467302640466672 0.08100507389423076 0.042060326826923074
0 0.516762051555739 0.4049863633844825 0.074773914375 0.05452264588942308
0 0.45827353595171494 0.328658062062107 0.08159635182692308 0.06917951567307692
0 0.4201453764861662 0.032689560078066934 0.04673369649038461 0.06698496495192308
0 0.41317464138703663 0.4837315184628388 0.07944728401442308 0.11839203108173077
0 0.38732445052797926 0.20358359569957118 0.08514401927884616 0.053215012043269234
0 0.31098563944379276 0.06789597495278983 0.03192900723557692 0.06208418072115385
0 0.2950509840859606 0.01999820028037153 0.056762679519230766 0.05853651326923077
0 0.192988194532608 0.870832662447589 0.0645857411298077 0.08073217639423078
0 0.1701781430803324 0.4914305955128685 0.09502518283653846 0.04361811670673077
