0 0.9296526101948213 0.4793841171896668 0.06560833209134616 0.04656075180288462
0 0.887312783352152 0.3738940657710509 0.055731808990384615 0.027513171514423077
0 0.8782457287271174 0.8124748100606739 0.05109410096153846 0.08402141048076922
0 0.7233114552229915 0.1742607724236952 0.07195752552884616 0.03880062651442307
0 0.5449652086465941 0.4346684824646936 0.10952022396634614 0.046604350625000006
0 0.3462455458947683 0.5342810807023161 0.052429894447115384 0.04310902432692308
0 0.3153547594687849 0.7457637257821452 0.03961369802884615 0.05592522074519231
0 0.2239091254620759 0.6146679840375661 0.052429894447115384 0.038448589254807694
0 0.23034383069832878 0.6787769735872204 0.07456696100961538 0.061750764567307694
0 0.21400710137406392 0.49174760909916443 0.05359500322115385 0.03728348050480769
0 0.16155760164724148 0.46265910037973257 0.03728348050480769 0.0699065259375
0 0.17734958672470175 0.26244276901349844 0.08971337495192308 0.09289921923076924
0 0.15401380243337426 0.5716037717424997 0.061750764567307694 0.07573206975961538
0 0.12550364701168987 0.3543095864675595 0.09087848372596154 0.07456696100961538
