0 0.9073493118494879 0.23572319032044559 0.06584000877403846 0.07461867661057692
0 0.8327622890892832 0.48805185848979515 0.09217601228365384 0.026336003509615385
0 0.8437936560160874 0.31687838696075243 0.1404586853846154 0.03511467134615385
0 0.8086051257097703 0.3717819904552574 0.07900801052884615 0.06584000877403846
0 0.6088535027441118 0.30155264766679574 0.048282673100961536 0.06584000877403846
0 0.6199165235934034 0.15667297451353907 0.12290134971153846 0.039504005264423075
0 0.562855182487634 0.11057969272998341 0.12290134971153846 0.03511467134615385
0 0.4552057131098893 0.23574429269505248 0.030725337427884615 0.09217601228365384
0 0.428954119964087 0.4639263487923849 0.1009546801201923 0.039504005264423075
0 0.42460699105945476 0.8150730622539234 0.13606935146634616 0.039504005264423075
0 0.39600773724823196 0.7887476101960347 0.07900801052884615 0.048282673100961536
0 0.2643804759972496 0.6658884654260179 0.12290134971153846 0.08339734444711538
0 0.14363686384889857 0.4508427573292749 0.09217601228365384 0.10973334795673077
