0 0.9402989608968482 0.2534954956577641 0.027968176177884614 0.026552287259615386
0 0.7518405160130246 0.4883229798132686 0.06712362283653847 0.06264871463942308
0 0.7507486813627092 0.5940036916108947 0.08949816377403846 0.030205630264423078
0 0.7048701154656296 0.33673949873292464 0.08054834740384614 0.06600489579326924
0 0.6170460085652045 0.6046598357911889 0.07719216625 0.053698898269230765
0 0.535163834233803 0.9469790234309123 0.06667279252403846 0.04343833451923077
0 0.5029062680303196 0.8607343515860761 0.05258017122596154 0.08248863961538462
0 0.5006768815787374 0.27087744822803034 0.059292533509615386 0.06123282572115384
0 0.34520071447649914 0.4317936482433431 0.08166707444711538 0.034680538461538464
0 0.33512679245943505 0.6617364291358577 0.07719216625 0.07159853103365385
0 0.25989937255362444 0.6984883406948329 0.07778492461538462 0.05758104810096154
0 0.172455683725326 0.6015340167843936 0.026265039471153846 0.07778492461538462
0 0.1760848536467678 0.7656285906964797 0.10404996411057692 0.026265039471153846
