0 0.922027753246146 0.9452010517609616 0.05419361079326923 0.05228089512019231
0 0.9062233412508671 0.5055731679788334 0.040486660721153846 0.07894898838942307
0 0.8550518043152219 0.45292033290125744 0.04959024026442308 0.06216241384615385
0 0.870838377821832 0.4281025463984203 0.10895883776442307 0.043304153485576924
0 0.837945555623671 0.7305549932929805 0.05447941889423077 0.06146395975961538
0 0.8121262598718333 0.4560574998740869 0.07403613336538462 0.05727323524038462
0 0.7636030090954082 0.5915273712957368 0.09010057737980769 0.032128888052884615
0 0.7202602390015952 0.6271770723402249 0.05797168932692308 0.05587632706730769
0 0.33991756887224395 0.5147545067861272 0.029335071706730772 0.07962376605769231
0 0.3424570204250936 0.8496137123976634 0.10826038367788461 0.03841497485576923
