0 0.8846951730265638 0.8625012737504625 0.06501974810096153 0.06403460038461538
0 0.6666770296588389 0.10924368366837907 0.15996683615384616 0.054622822091346154
0 0.48356145045213694 0.7650104599614574 0.06836340617788461 0.050305147932692314
0 0.4583949236608958 0.3052395777637008 0.05675452586538462 0.10834954939903846
0 0.4268348306932148 0.6244233228503202 0.09158116675480768 0.05804440146634615
0 0.39151362554447694 0.1716510083190991 0.07803260300480769 0.03901630149038461
0 0.29911234207612003 0.7688924894863512 0.07094315733173076 0.060624152644230773
0 0.26943590155507463 0.33619039064548467 0.06320390382211538 0.10319004704326923
0 0.1525742660248128 0.0008742448036473631 0.056645992644230765 0.08352883663461538
0 0.8585923112033389 0.06096472418936668 0.06797519117788461 0.027584135552884616
0 0.8147496862477175 0.06398884346402314 0.06501974810096153 0.08472270206730768
0 0.630147210464936 0.12913523712338792 0.042453186826923076 0.053774036658653844
0 0.43686274932934993 0.21260042483311767 0.13679360201923077 0.032075741153846156
0 0.2070497246843797 0.3947318533298759 0.05849105740384616 0.07735914045673077
0 0.13252079679976422 0.37962831576590805 0.05849105740384616 0.06981190723557693
0 0.11929272833253395 0.5436505053352093 0.04150978266826923 0.06578769889423076
0 0.8902403846807683 0.8256284113047799 0.08642166439903846 0.045145645576923084
0 0.7336518911530371 0.7186400528156783 0.061591559326923076 0.10447992264423077
