0 0.8653369428114887 0.3949023043604096 0.08670180915865384 0.05548915786057692
0 0.7638812365455401 0.19807043994256202 0.07456355588942308 0.03988283221153846
0 0.65981405738183 0.09842796895900749 0.0537551216826923 0.09363795389423077
0 0.6711450502720218 0.5991864584557022 0.09164807632211538 0.04406157514423077
0 0.4492141114966253 0.35067812904967144 0.1248506051923077 0.05028704932692308
0 0.3797651286724818 0.15214974370790377 0.05202108550480769 0.06589337497596154
0 0.360047027179381 0.8618231032058118 0.07226098324519231 0.06873605723557692
0 0.30275638779834246 0.8415611335171272 0.06344866822115384 0.07402344625
0 0.29834045845925605 0.06193817859531026 0.11444638810096154 0.031212651298076925
0 0.09020192780929305 0.2987154005317932 0.06936144733173076 0.09884006245192307
