0 0.9135545217580437 0.3106837283596927 0.0702293426923077 0.039504005264423075
0 0.8938288972623603 0.359029709281591 0.09217601228365384 0.09217601228365384
0 0.8389147424603599 0.41165951102276127 0.05267200701923077 0.0570613409375
0 0.8257572920851628 0.5257821929939153 0.06145067485576923 0.0570613409375
0 0.7533280066958381 0.214192241117933 0.0570613409375 0.1009546801201923
0 0.7248975733237797 0.10437448306181266 0.1404586853846154 0.030725337427884615
0 0.6459001140543523 0.08240671073528186 0.14923735322115383 0.013168001754807692
0 0.5601867630806504 0.19668766183810432 0.048282673100961536 0.1448480193028846
0 0.5141251349791974 0.2888109178006255 0.0702293426923077 0.1009546801201923
0 0.4636214166864195 0.005693604526684841 0.048282673100961536 0.09656534620192307
0 0.4066550373481127 0.08250167226236006 0.1272906836298077 0.09217601228365384
0 0.9135545217580437 0.3106837283596927 0.0702293426923077 0.039504005264423075
0 0.8938288972623603 0.359029709281591 0.09217601228365384 0.09217601228365384
0 0.8389147424603599 0.41165951102276127 0.05267200701923077 0.0570613409375
0 0.8257572920851628 0.5257821929939153 0.06145067485576923 0.0570613409375
0 0.7533280066958381 0.214192241117933 0.0570613409375 0.1009546801201923
0 0.7248975733237797 0.10437448306181266 0.1404586853846154 0.030725337427884615
0 0.6459001140543523 0.08240671073528186 0.14923735322115383 0.013168001754807692
0 0.5601867630806504 0.19668766183810432 0.048282673100961536 0.1448480193028846
0 0.5141251349791974 0.2888109178006255 0.0702293426923077 0.1009546801201923
0 0.4636214166864195 0.005693604526684841 0.048282673100961536 0.09656534620192307
0 0.4066550373481127 0.08250167226236006 0.1272906836298077 0.09217601228365384
