0 0.8859365417819951 0.7410974133755837 0.06460231262019231 0.09263727848557692
0 0.7193929463347991 0.6648965258980907 0.052972560552884615 0.07776822721153846
0 0.7115169625698616 0.23603471803713813 0.064243318125 0.06987869689903846
0 0.6827833040948309 0.3842411159130282 0.06987869689903846 0.06649746963942307
0 0.518790329512932 0.29532098989405164 0.06006061475961539 0.10374106185096155
0 0.5131497178385899 0.8031706291735622 0.06004809170673077 0.05490111240384616
0 0.5382951071130442 0.5361467848825815 0.11311248805288462 0.0715901823076923
0 0.4565246972988515 0.8383725856837091 0.05318545264423077 0.08063600884615384
0 0.24892574172250587 0.8486417990885897 0.049754133124999995 0.06004809170673077
0 0.25405626960741023 0.7223294447048066 0.09163543336538461 0.11168068439903847
0 0.2046917411089475 0.609851975400275 0.11883970264423074 0.044385913028846154
0 0.1717251766257746 0.8083464776070752 0.05318545264423077 0.07892034908653846
0 0.08252324144378126 0.6968038479710614 0.06347941122596154 0.05833243192307692
0 0.023522115077142712 0.6657129684817054 0.0801810041826923 0.06156755677884615
0 0.0019985855990547106 0.8649220081055552 0.15612503841346154 0.04460715382211538
