0 0.8548070381402262 0.40966763920999555 0.041854862668269224 0.08196577271634616
0 0.7885787602222115 0.7445275014529111 0.07673391487980769 0.09940529882211538
0 0.7193077898374228 0.8765488597847229 0.16192901473557694 0.04810561088942308
0 0.6542734496619877 0.4698193316760185 0.05929438877403846 0.06975810444711539
0 0.6630477095272341 0.2352807624677275 0.10463715665865385 0.08894158314903847
0 0.6351402762637522 0.17331804231716885 0.1011492514423077 0.04534276788461538
0 0.5905877362254992 0.5561386973997723 0.03313509961538462 0.06452624661057692
0 0.43508537423108695 0.628823836124607 0.030723250264423078 0.08295277567307692
0 0.4118514594748807 0.1593915746024119 0.048830673100961536 0.06627019920673077
0 0.12019421438751035 0.6402915110490534 0.04915720040865385 0.0384040628125
0 0.07720751287929925 0.7555295482548134 0.07066347557692308 0.05991033800480769
