0 0.8557235846428903 0.32483317580095455 0.12185046288461539 0.04217900639423077
0 0.8549593905188494 0.7068081653798483 0.1359101316826923 0.059363046033653846
0 0.8009832556713434 0.3999082022435513 0.06873615855769231 0.11716390663461539
0 0.7923780923925493 0.814666554015868 0.05780086060096154 0.11560172120192308
0 0.7757552243789292 0.27007518731104374 0.03432536326923077 0.07963484278846153
0 0.6995677702091808 0.31888486355595885 0.04668249403846154 0.13592843855769232
0 0.7092349805746403 0.24054712348572144 0.09336498810096153 0.07276977012019231
0 0.28234896134745374 0.5709506071848998 0.07810927108173077 0.10310423783653846
0 0.22452556922600195 0.49284133603105357 0.059363046033653846 0.10310423783653846
0 0.001901003302977008 0.49214849189019727 0.04842774807692308 0.17652695264423077
