0 0.9135334191430521 0.35244043278649684 0.05267200701923077 0.08778667836538462
0 0.8498828015421888 0.5213928590996841 0.048282673100961536 0.0570613409375
0 0.8411041337537271 0.38314466767150507 0.048282673100961536 0.0702293426923077
0 0.7730641824990176 0.19878209184477844 0.04389333918269231 0.06145067485576923
0 0.7446020952044716 0.08901708984536778 0.1009546801201923 0.03511467134615385
0 0.6809092726140092 0.07582798554888885 0.06145067485576923 0.01755733567548077
0 0.5777335473500775 0.18564574384418916 0.039504005264423075 0.08778667836538462
0 0.5382189907541202 0.2822110899980354 0.030725337427884615 0.08778667836538462
0 0.4987782933106335 0.005725258208787885 0.08339734444711538 0.12290134971153846
0 0.4460535298020006 0.41608049883947973 0.039504005264423075 0.08339734444711538
0 0.4329699383388902 0.09559581503296641 0.10973334795673077 0.030725337427884615
