0 0.7505171455796673 0.0905544118673435 0.09217601228365384 0.1272906836298077
0 0.4410638279788045 0.46355283351334253 0.08778667836538462 0.048282673100961536
0 0.33573036462283884 0.6018748838536079 0.09656534620192307 0.09656534620192307
0 0.23694397373390685 0.6435999343579245 0.07461867661057692 0.11851201579326923
0 0.21278680939285605 0.4087652941609074 0.06145067485576923 0.114122681875
0 0.2633960402918707 0.3384726437678556 0.17118402283653847 0.06145067485576923
0 0.2458176040109849 0.16073099811832586 0.15362668713942307 0.08339734444711538
0 0.13376824871035947 0.38245039317012974 0.05267200701923077 0.13168001754807693
0 0.13601039557966732 0.09274380316071086 0.09217601228365384 0.12290134971153846
0 0.0942642439026674 0.8367095242910099 0.05267200701923077 0.1009546801201923
0 0.006583076689164102 0.05978686937774476 0.1404586853846154 0.09217601228365384
