0 0.8173943448057277 0.8341149635557277 0.08778667836538462 0.08778667836538462
0 0.0032098324348477686 0.5904805529552573 0.11851201579326923 0.06584000877403846
0 0.8788766734878306 0.16764103383575277 0.114122681875 0.03511467134615385
0 0.6988823289403429 0.615458606285711 0.08778667836538462 0.12290134971153846
0 0.5430029427827696 0.7866531804297451 0.039504005264423075 0.13168001754807693
0 0.5584763999008994 0.136979003940343 0.13168001754807693 0.08778667836538462
0 0.27306418249901765 0.6110587210839843 0.04389333918269231 0.114122681875
0 0.2138556553298644 0.2071450388838295 0.08339734444711538 0.03511467134615385
0 0.19847715973881286 0.406907213156984 0.0702293426923077 0.07461867661057692
0 0.15020503772900093 0.22691286860949644 0.07900801052884615 0.048282673100961536
0 0.1194691491618899 0.3213099260849667 0.0702293426923077 0.0702293426923077
0 0.09973297335871059 0.1457471206616934 0.08339734444711538 0.07900801052884615
