0 0.7753500466261212 0.5915658745382999 0.1014702129326923 0.07881181586538462
0 0.6580393219168652 0.5945449990622979 0.03645046483173077 0.09851476983173077
0 0.6289975936006267 0.27445515975005186 0.053197975721153846 0.058847182043269226
0 0.4906257842850294 0.4807071568069873 0.08767814514423077 0.05418312341346154
0 0.38469517302656364 0.36250127375046254 0.06501974810096153 0.06403460038461538
0 0.35859231120333884 0.5609647241893667 0.06797519117788461 0.027584135552884616
0 0.3147496862477175 0.5639888434640231 0.06501974810096153 0.08472270206730768
0 0.13014721046493605 0.6291352371233879 0.042453186826923076 0.053774036658653844
0 0.6252950402293481 0.9023283037534094 0.0906168908173077 0.06712362283653847
0 0.16667702965883885 0.6092436836683791 0.15996683615384616 0.054622822091346154
0 0.6252950402293481 0.9023283037534094 0.0906168908173077 0.06712362283653847
0 0.16667702965883885 0.6092436836683791 0.15996683615384616 0.054622822091346154
