0 0.4907065818353882 0.49540838672195675 0.06630995704326924 0.11935792266826922
0 0.4184335110750853 0.5013587479472542 0.07028855447115384 0.10476973211538462
0 0.10683409653068932 0.3375364929469651 0.11803172353365385 0.074267151875
0 0.8161743111969826 0.5811753284448676 0.13997838588942307 0.0689124361298077
0 0.5953278654204708 0.30452906628441084 0.04737729983173077 0.1356713586298077
0 0.24619538371379807 0.08354214643843606 0.07189469987980769 0.10159033677884616
0 0.1821265960930562 0.568031121399287 0.08127226942307691 0.08596105420673077
0 0.08212548692914441 0.48751965226366034 0.10315326504807693 0.06876884336538461
0 0.06667909373110467 0.6221231479082493 0.07968000427884615 0.09475459966346154
0 0.0555744917880341 0.0225128034813298 0.11878254764423077 0.039073206466346155
