0 0.8959267323486043 0.33852523693503833 0.08880539403846154 0.06862234995192308
0 0.7959745738945483 0.2921381972015414 0.05045761026442308 0.09687861168269231
0 0.5749872212153003 0.4666511801007189 0.0645857411298077 0.03834778379807692
0 0.45895795125262917 0.03536910151300736 0.08628109218749999 0.05238494882211538
0 0.3110401005853888 0.06771340015156949 0.08011815704326922 0.04314054610576923
0 0.28868279395785185 0.006128492893080753 0.0662515529326923 0.08011815704326922
0 0.2843610901547764 0.35064476669182265 0.07265895877403847 0.07669556759615384
0 0.1382996199429088 0.035818245393399076 0.09969855250000001 0.03582916730769231
0 0.09228677569246384 0.004684915788328827 0.051407066129807694 0.05452264588942308
0 0.07847948530325463 0.3980724946432367 0.06054913230769231 0.07467726317307692
0 0.0494831283820845 0.04673026404666723 0.08100507389423076 0.042060326826923074
0 0.9480909299397593 0.6787503403051326 0.044681279879807696 0.1032291638701923
0 0.9470132193434497 0.2290960855250614 0.04874029375 0.07232430685096154
0 0.9328628106896033 0.18820957054889734 0.04874029375 0.0660352366826923
0 0.8810819731327141 0.6756059099459717 0.05546641641826923 0.050844215048076916
0 0.8271599947403729 0.7803943261693901 0.05854788399038462 0.0662515529326923
0 0.7583411135742186 0.2243452675494348 0.04874029375 0.0440234911298077
0 0.7528998806275999 0.8943027024496117 0.03902434216346154 0.07982251807692307
0 0.7654673422203503 0.3053302742114112 0.09119151733173078 0.05502936389423077
0 0.7405384760087483 0.6716545884880328 0.08514401927884616 0.053215012043269234
0 0.6997360369132533 0.9465689693266341 0.08159635182692308 0.028381339759615383
0 0.6742342503743296 0.08362165349580497 0.05660163144230769 0.039306688509615384
0 0.6491497965093674 0.9270994385029702 0.05498884579326923 0.06385801447115384
0 0.5516124985838396 0.2621023655908781 0.06917977175480769 0.06289070161057692
0 0.4877693013377753 0.7763065147771528 0.08691785302884615 0.049667344591346155
0 0.44784284233383986 0.08053759033627858 0.06917977175480769 0.08961924978365385
0 0.44073072679927316 0.6051763316262369 0.060310346995192304 0.08691785302884615
0 0.414157333866292 0.49689572148865097 0.0886916867548077 0.023059838557692305
0 0.3928755929257578 0.7638726225417205 0.09223935423076922 0.03547667471153847
0 0.36091247359912404 0.7373034927426959 0.06385801447115384 0.06740568192307693
0 0.36845655910401837 0.028614966681478726 0.08018564454326924 0.058173898990384616
0 0.30238730699377636 0.222799456366205 0.051884828822115384 0.0660352366826923
0 0.3201441458855228 0.5137919140588884 0.0886916867548077 0.060310346995192304
0 0.2864285127095567 0.5829586376136914 0.07804868435096154 0.049667344591346155
0 0.2811900414446193 0.2738622463622759 0.07546884192307693 0.03616215341346154
0 0.256765091975083 0.19376353020464465 0.02987308326923077 0.10848646026442309
0 0.2576287053514467 0.10798613126909767 0.09433605240384614 0.03458988588942308
0 0.22608405371946072 0.4304132005072636 0.049667344591346155 0.053215012043269234
0 0.2387388178869269 0.3250081849542343 0.07546884192307693 0.07546884192307693
0 0.20095526348063592 0.053801483052422286 0.03458988588942308 0.08333017961538462
0 0.23326800705540418 0.11741595682787655 0.10219739009615385 0.03144535079326923
0 0.22169424148200592 0.5040166404968622 0.08691785302884615 0.04434584338942308
0 0.20749504355538081 0.44812168975932626 0.07982251807692307 0.028381339759615383
0 0.1302842397622159 0.3639093594930254 0.03902434216346154 0.06563184819711539
0 0.0966112471568163 0.5208872491550424 0.06385801447115384 0.060310346995192304
0 0.08862259931883296 0.6822805347141391 0.05853651326923077 0.03902434216346154
0 0.0557874870428359 0.8189296926853734 0.04257200963942308 0.09223935423076922
0 0.06823843545600847 0.531538779521542 0.07095334939903847 0.06740568192307693
0 0.020349188505859126 0.4721089533181742 0.074501016875 0.06208418072115385
0 0.01676205155573892 0.9049863633844825 0.074773914375 0.05452264588942308
0 0.8959267323486043 0.33852523693503833 0.08880539403846154 0.06862234995192308
0 0.7959745738945483 0.2921381972015414 0.05045761026442308 0.09687861168269231
0 0.5749872212153003 0.4666511801007189 0.0645857411298077 0.03834778379807692
0 0.45895795125262917 0.03536910151300736 0.08628109218749999 0.05238494882211538
0 0.3110401005853888 0.06771340015156949 0.08011815704326922 0.04314054610576923
0 0.28868279395785185 0.006128492893080753 0.0662515529326923 0.08011815704326922
0 0.2843610901547764 0.35064476669182265 0.07265895877403847 0.07669556759615384
0 0.1382996199429088 0.035818245393399076 0.09969855250000001 0.03582916730769231
0 0.09228677569246384 0.004684915788328827 0.051407066129807694 0.05452264588942308
0 0.07847948530325463 0.3980724946432367 0.06054913230769231 0.07467726317307692
0 0.0494831283820845 0.04673026404666723 0.08100507389423076 0.042060326826923074
