0 0.905094688346691 0.5168148656428265 0.09078005444711537 0.07576380483173077
0 0.8219374706372217 0.07229826865364396 0.11283750016826924 0.06384226983173077
0 0.6982323965505096 0.5800112574173676 0.05119176002403846 0.12559045125
0 0.6587077172787996 0.44534065643632714 0.05215637596153845 0.11142498502403846
0 0.6244345037776502 0.5045009862863667 0.1375031730048077 0.02133669925721154
0 0.5563181081015109 0.8714458845118632 0.09041975045673077 0.07259050387019231
0 0.5319327321605434 0.5069429670292275 0.10194200757211538 0.0806053083173077
0 0.46773029362636936 0.01813691107809034 0.025239967139423076 0.08908223697115385
0 0.4321535067059796 0.15953618645663842 0.069259519375 0.11605649192307693
0 0.45608885787031395 0.5661745331509742 0.11853721810096154 0.04978563161057692
0 0.37755046606676496 0.7088560414909046 0.08242666754807693 0.12952762043269234
0 0.2843699301953123 0.5891977313381218 0.11578984249999999 0.1766285733173077
0 0.1898225551234574 0.3587395283313492 0.10367809271634616 0.05701231168269231
0 0.14119347977489963 0.3543006865445292 0.09084852271634616 0.06638930504807691
0 0.12529878313586357 0.5757230480191383 0.05926860903846154 0.1043127519230769
0 0.05543021124248821 0.4873686540556814 0.11616647375000001 0.06756621432692309
0 0.04191850231263277 0.1810065475713641 0.11231273411057693 0.069259519375
