0 0.8083808926289471 0.565224757480122 0.07481939728365385 0.033429943461538464
0 0.7311181549726681 0.5477597549797464 0.02865423725961538 0.07163559314903846
0 0.39292889327469155 0.811961924970183 0.10347363454326922 0.027062335192307694
0 0.35549432125918784 0.8804213673358914 0.08277890764423076 0.033429943461538464
0 0.34195741345122366 0.9130725799183791 0.07800320141826923 0.047757062091346156
0 0.8800744678678871 0.4161552833983509 0.037915696081730774 0.06585357742788461
0 0.5688242106934458 0.17168203212350341 0.08580920694711539 0.05188463675480769
0 0.4351544784110924 0.02129513391000603 0.13690357802884615 0.025470433125
0 0.35328422461937176 0.2704504057355711 0.06984470331730769 0.04190682199519231
0 0.3403058697529697 0.43410095899003776 0.06385801447115384 0.053880199711538464
