0 0.4552979780409522 0.07047244972572471 0.032284100072115386 0.10926926180288461
0 0.47833950085270094 0.11077533986336799 0.09064381944711539 0.06580989632211538
0 0.4192947585633552 0.5627766198615768 0.037250884711538465 0.08567703483173077
0 0.36283787878718454 0.48083959771201223 0.0707766809375 0.09809399639423076
0 0.37715768003267713 0.11073653705075229 0.1043024771875 0.03352579622596154
0 0.32713164070933676 0.6121056741199958 0.06456820016826924 0.06208480783653846
0 0.33553847250580726 0.16791724197696126 0.08567703483173077 0.08567703483173077
0 0.2677899182137312 0.24802007596182743 0.02235053082451923 0.09685230024038462
0 0.25911595423643247 0.28340095421808564 0.037250884711538465 0.09064381944711539
0 0.22840336441677836 0.7127218658749191 0.05339293475961538 0.0943689079326923
0 0.21634161094885462 0.25043183188066304 0.09064381944711539 0.037250884711538465
0 0.16726924165238427 0.3256096691496681 0.06953498478365384 0.08319364252403846
0 0.16108463967943917 0.05426473304196325 0.08940212329326923 0.05463463091346154
0 0.11421507537473424 0.7163693482425051 0.09312721177884614 0.029800707764423076
0 0.0840964930540695 0.11952690993100504 0.08691873098557693 0.11547774259615386
0 0.0666978226555563 0.30942284640362083 0.07450176942307693 0.045942757812500006
0 0.09316593775006356 0.586607622655412 0.14279505805288462 0.026075619302884614
0 0.0365657854365637 0.637639543791056 0.05711802322115385 0.12789470415865384
0 0.4552979780409522 0.07047244972572471 0.032284100072115386 0.10926926180288461
0 0.47833950085270094 0.11077533986336799 0.09064381944711539 0.06580989632211538
0 0.4192947585633552 0.5627766198615768 0.037250884711538465 0.08567703483173077
0 0.36283787878718454 0.48083959771201223 0.0707766809375 0.09809399639423076
0 0.37715768003267713 0.11073653705075229 0.1043024771875 0.03352579622596154
0 0.32713164070933676 0.6121056741199958 0.06456820016826924 0.06208480783653846
0 0.33553847250580726 0.16791724197696126 0.08567703483173077 0.08567703483173077
0 0.2677899182137312 0.24802007596182743 0.02235053082451923 0.09685230024038462
0 0.25911595423643247 0.28340095421808564 0.037250884711538465 0.09064381944711539
0 0.22840336441677836 0.7127218658749191 0.05339293475961538 0.0943689079326923
0 0.21634161094885462 0.25043183188066304 0.09064381944711539 0.037250884711538465
0 0.16726924165238427 0.3256096691496681 0.06953498478365384 0.08319364252403846
0 0.16108463967943917 0.05426473304196325 0.08940212329326923 0.05463463091346154
0 0.11421507537473424 0.7163693482425051 0.09312721177884614 0.029800707764423076
0 0.0840964930540695 0.11952690993100504 0.08691873098557693 0.11547774259615386
0 0.0666978226555563 0.30942284640362083 0.07450176942307693 0.045942757812500006
0 0.09316593775006356 0.586607622655412 0.14279505805288462 0.026075619302884614
0 0.0365657854365637 0.637639543791056 0.05711802322115385 0.12789470415865384
