0 0.34800579231144835 0.8096608608386882 0.12325870312500001 0.060088617788461536
0 0.3025189608066468 0.7750258317814751 0.09398476112980769 0.08628109218749999
0 0.17460472304439056 0.6409819921180138 0.0662515529326923 0.08628109218749999
0 0.008209177344356607 0.7480278055651348 0.06933302050480769 0.05700715019230769
0 0.34800579231144835 0.8096608608386882 0.12325870312500001 0.060088617788461536
0 0.3025189608066468 0.7750258317814751 0.09398476112980769 0.08628109218749999
0 0.17460472304439056 0.6409819921180138 0.0662515529326923 0.08628109218749999
0 0.008209177344356607 0.7480278055651348 0.06933302050480769 0.05700715019230769
0 0.34800579231144835 0.8096608608386882 0.12325870312500001 0.060088617788461536
0 0.3025189608066468 0.7750258317814751 0.09398476112980769 0.08628109218749999
0 0.17460472304439056 0.6409819921180138 0.0662515529326923 0.08628109218749999
0 0.008209177344356607 0.7480278055651348 0.06933302050480769 0.05700715019230769
