0 0.8895739148482859 0.5862172257176579 0.04936174377403846 0.08035632709134616
0 0.8844785178819863 0.6972521748039076 0.10790706781250001 0.07117274685096155
0 0.6533423181539504 0.3888144024495829 0.2536964040865385 0.11709064805288462
0 0.5528541372484052 0.25395678282584827 0.2181100306730769 0.1389016511057692
0 0.42354585061852834 0.3623978118181977 0.0815042746153846 0.10561117274038462
0 0.8895739148482859 0.5862172257176579 0.04936174377403846 0.08035632709134616
0 0.8844785178819863 0.6972521748039076 0.10790706781250001 0.07117274685096155
0 0.6533423181539504 0.3888144024495829 0.2536964040865385 0.11709064805288462
0 0.5528541372484052 0.25395678282584827 0.2181100306730769 0.1389016511057692
0 0.42354585061852834 0.3623978118181977 0.0815042746153846 0.10561117274038462
