0 0.864487319859323 0.7161905625938716 0.04144217295673077 0.07013290810096154
0 0.7517451975463435 0.22217518073681347 0.07017687855769231 0.07759943302884616
0 0.697165313104833 0.6610076424119652 0.07523348322115385 0.042717316754807694
0 0.642953311307467 0.6275925915848918 0.0599317578125 0.09053520862980768
0 0.5444216313120324 0.7879365582276256 0.037616741610576925 0.08607220538461538
0 0.561831778238085 0.20154985471240527 0.10054187408653846 0.040486660721153846
0 0.5205585587012582 0.383910158685628 0.027239709447115384 0.09848202644230769
0 0.4969784678001343 0.8516814862801925 0.08415948971153846 0.07587105512019231
0 0.4738309734791916 0.28259905736146096 0.0845129446875 0.06914695473557692
0 0.422027753246146 0.4452010517609616 0.05419361079326923 0.05228089512019231
0 0.4062233412508671 0.005573167978833435 0.040486660721153846 0.07894898838942307
0 0.4192192184257698 0.5204314696484953 0.10456179024038462 0.04973060754807693
0 0.33794555562367107 0.2305549932929804 0.05447941889423077 0.06146395975961538
0 0.30534596667749203 0.8236589756499918 0.04909303567307692 0.10137393079326923
0 0.31113009254706603 0.6680531182646661 0.08734734915865384 0.06949533620192308
0 0.2954781622254938 0.5970136626432196 0.06120690161057692 0.11093750915865384
0 0.26360300909540835 0.09152737129573682 0.09010057737980769 0.032128888052884615
0 0.22026023900159525 0.127177072340225 0.05797168932692308 0.05587632706730769
