0 0.880423953177642 0.19390132532004076 0.10237938379807693 0.22940565627403847
0 0.6263577366907531 0.2677052667252508 0.09100389670673076 0.11565078540865385
0 0.316396221030447 0.21661128212142305 0.10806712733173077 0.19527919502403845
0 0.08036625776430763 0.38707951890619224 0.11754669990384616 0.05877334995192308
0 0.029784602328726154 0.7328230095654007 0.19211933750000001 0.10516005841346154
0 0.880423953177642 0.19390132532004076 0.10237938379807693 0.22940565627403847
0 0.6263577366907531 0.2677052667252508 0.09100389670673076 0.11565078540865385
0 0.316396221030447 0.21661128212142305 0.10806712733173077 0.19527919502403845
0 0.08036625776430763 0.38707951890619224 0.11754669990384616 0.05877334995192308
0 0.029784602328726154 0.7328230095654007 0.19211933750000001 0.10516005841346154
