0 0.8916078520465052 0.8125629119786081 0.0702293426923077 0.09656534620192307
0 0.8696400799603595 0.6304635863573351 0.05267200701923077 0.1448480193028846
0 0.8433990378816684 0.5425713951573768 0.13168001754807693 0.0570613409375
0 0.8148103353779411 0.1190270502290011 0.08339734444711538 0.07900801052884615
0 0.7819378118145573 0.3253679496897536 0.12290134971153846 0.114122681875
0 0.7797589718286854 0.8366462164460349 0.13606935146634616 0.048282673100961536
0 0.7225815665808468 0.16739413376589082 0.039504005264423075 0.14923735322115383
0 0.6501628327394021 0.4724159115213862 0.04389333918269231 0.11851201579326923
0 0.6195430080739759 0.8103629693777447 0.13168001754807693 0.09217601228365384
0 0.5580606793918731 0.6084747116561978 0.10534401403846154 0.10973334795673077
0 0.5031254219748809 0.3692718401799417 0.048282673100961536 0.12290134971153846
0 0.5537346531022327 0.18701424518661597 0.1580160210576923 0.039504005264423075
0 0.4394748046144023 0.7182397136556087 0.04389333918269231 0.13606935146634616
0 0.4592848393296679 0.2024560486226425 0.09217601228365384 0.10534401403846154
0 0.4329277331089068 0.8411199608002323 0.07461867661057692 0.11851201579326923
0 0.2486495675017625 0.641336684152471 0.13606935146634616 0.06145067485576923
