0 0.7043441348508862 0.6752152745528904 0.0835011659375 0.0895739780048077
0 0.5954158055053568 0.8144693440145676 0.08577847045673076 0.05541441012019231
0 0.47926415011464496 0.7730955748024051 0.07818745538461538 0.053137105600961534
0 0.29897486152933145 0.6003010073025206 0.03643687240384615 0.1286677056971154
0 0.3170755855668108 0.4543523310576345 0.09640589158653845 0.04023237995192308
0 0.06541245074143616 0.4282573042371545 0.078946556875 0.11841983531250001
0 0.7043441348508862 0.6752152745528904 0.0835011659375 0.0895739780048077
0 0.5954158055053568 0.8144693440145676 0.08577847045673076 0.05541441012019231
0 0.47926415011464496 0.7730955748024051 0.07818745538461538 0.053137105600961534
0 0.29897486152933145 0.6003010073025206 0.03643687240384615 0.1286677056971154
0 0.3170755855668108 0.4543523310576345 0.09640589158653845 0.04023237995192308
0 0.06541245074143616 0.4282573042371545 0.078946556875 0.11841983531250001
