0 0.8067575957729578 0.4614373011320614 0.048282673100961536 0.114122681875
0 0.804589307094582 0.72701838144407 0.0702293426923077 0.13606935146634616
0 0.7629275644352406 0.5973905884335043 0.1009546801201923 0.01755733567548077
0 0.675183091059455 0.34064093244623145 0.13606935146634616 0.039504005264423075
0 0.6180584425894795 0.48108906647527383 0.08339734444711538 0.030725337427884615
0 0.6092797745606335 0.7115660267005477 0.08339734444711538 0.06145067485576923
0 0.6027538059105143 0.8805290043212313 0.13168001754807693 0.039504005264423075
0 0.5587760565082399 0.42402772560988916 0.06145067485576923 0.030725337427884615
0 0.5587971588828474 0.8213204773924626 0.07900801052884615 0.07900801052884615
0 0.5566394215119671 0.6347157537348891 0.10973334795673077 0.030725337427884615
0 0.5039041066958383 0.2507176190845739 0.0570613409375 0.08778667836538462
0 0.435895809123232 0.41308076890266726 0.07900801052884615 0.05267200701923077
0 0.32619411520918073 0.5733072839648726 0.10534401403846154 0.06584000877403846
0 0.262554048915813 0.17172015981514666 0.10973334795673077 0.09656534620192307
0 0.23398644902707805 0.702745153682103 0.07900801052884615 0.026336003509615385
0 0.15717838105101833 0.3472302089413254 0.08339734444711538 0.04389333918269231
0 0.10663245752825697 0.8300674912584365 0.026336003509615385 0.05267200701923077
0 0.09138057738677095 0.882750049537086 0.11851201579326923 0.06145067485576923
0 0.029887697397171828 0.3406936887433258 0.08339734444711538 0.08339734444711538
0 0.03430868521389026 0.22652880178257326 0.10973334795673077 0.048282673100961536
0 0.005804392929745088 0.7290706059815812 0.13168001754807693 0.01755733567548077
