0 0.8020383079434114 0.3411201088784558 0.09090897891826924 0.037693966875
0 0.7809447175902313 0.37107753809662775 0.06651876507211539 0.05764959639423077
0 0.6833945220838342 0.3012354999141318 0.07538793375 0.0598668885576923
0 0.5436624747824985 0.08286686655859953 0.03991125903846154 0.0886916867548077
0 0.38460681797360396 0.7226523631370483 0.07617251403846154 0.04616516002403846
0 0.3742779183558503 0.7018558461971269 0.12464593206730769 0.027699096009615384
0 0.32636784329211294 0.2946049435167229 0.03991125903846154 0.07760522591346154
0 0.24545000431475927 0.07731564094980813 0.05099771987980769 0.08203981024038462
0 0.23921985600970222 0.7272633302331906 0.10387161007211539 0.041548644014423076
0 0.18893836919921875 0.46642643144317436 0.07538793375 0.06208418072115385
