0 0.6017361507127752 0.6445180389509726 0.07158309302884616 0.02067956020913462
0 0.5659465161760067 0.7082201086122986 0.0731738284375 0.08112750543269232
0 0.5143339718534058 0.08579049445084254 0.020600904033653847 0.054077373100961536
0 0.485597170793067 0.7122562174193033 0.05885720983173077 0.13044030286057692
0 0.44998090741355384 0.09740016855061359 0.04120180807692308 0.07210316411057692
0 0.43838361370079615 0.05747663156862549 0.0334764690625 0.06437782509615385
0 0.43074930258609917 0.6763786335334513 0.08589971163461539 0.05885720983173077
0 0.41137278281983836 0.08065883883546356 0.05665248610576923 0.06952805110576923
0 0.3868999242032348 0.5325633154015466 0.04892714709134616 0.046352034086538464
0 0.03144794986302103 0.320862654961082 0.06362941603365385 0.0699923576201923
