0 0.9235037466126284 0.6589102843260559 0.03687391170673077 0.09218477927884615
0 0.7852487353095816 0.08737942606150617 0.05531086757211538 0.10447608317307691
0 0.773001751152979 0.8555120538986222 0.09218477927884615 0.043019563653846155
0 0.7514698105329483 0.4346161480109616 0.07374782341346155 0.1106217351201923
0 0.717661338343109 0.02590813336451777 0.06760217146634616 0.09218477927884615
0 0.7115156869008012 0.536012018609583 0.06760217146634616 0.10447608317307691
0 0.696173716451091 0.4192446313499674 0.08603912730769231 0.10447608317307691
0 0.5916976323164758 0.07809446863653946 0.08603912730769231 0.04916521560096154
0 0.4995276271889736 0.582097021419743 0.09833043122596154 0.09833043122596154
0 0.4165391656554812 0.7234765628233346 0.07989347536057692 0.12291303901442308
0 0.2783580226571169 0.4468483589417298 0.15978695072115384 0.06145651951923077
0 0.17993895226839876 0.1303251236101607 0.08603912730769231 0.043019563653846155
0 0.12147400599862185 0.6128252812755121 0.018436955853365387 0.09833043122596154
0 0.1000454767876294 0.7541605029895526 0.08603912730769231 0.08603912730769231
