0 0.7673003455399114 0.4452173092873115 0.06171365920673077 0.057142277043269234
0 0.7696354867171608 0.9297838186623113 0.10285609867788462 0.057142277043269234
0 0.6461806960791594 0.31721860856615786 0.07999918786057693 0.057142277043269234
0 0.6359417889618391 0.7274589495310276 0.11885593625 0.022856910814903843
0 0.5626253320223804 0.6329499010836087 0.0874907526201923 0.052494451562499996
0 0.22100369375326473 0.8954929578904802 0.04799951271634616 0.05257089487980769
0 0.1753558054671607 0.6464185633543766 0.10285609867788462 0.10742748084134615
0 0.13990836307825225 0.3709186130067723 0.08685626110576924 0.04571382163461539
0 0.05425263928343999 0.545804200256651 0.1348557738221154 0.07085642353365385
0 0.7673003455399114 0.4452173092873115 0.06171365920673077 0.057142277043269234
0 0.7696354867171608 0.9297838186623113 0.10285609867788462 0.057142277043269234
0 0.6461806960791594 0.31721860856615786 0.07999918786057693 0.057142277043269234
0 0.6359417889618391 0.7274589495310276 0.11885593625 0.022856910814903843
0 0.5626253320223804 0.6329499010836087 0.0874907526201923 0.052494451562499996
0 0.22100369375326473 0.8954929578904802 0.04799951271634616 0.05257089487980769
0 0.1753558054671607 0.6464185633543766 0.10285609867788462 0.10742748084134615
0 0.13990836307825225 0.3709186130067723 0.08685626110576924 0.04571382163461539
0 0.05425263928343999 0.545804200256651 0.1348557738221154 0.07085642353365385
