0 0.8582764123629925 0.5065400224227704 0.06266474600961539 0.06205038574519231
0 0.8813263635317183 0.026269792525309737 0.11611088838942307 0.03368102105769231
0 0.7918832990481985 0.7814289618453277 0.09277479810096154 0.0629847253125
0 0.745056005599719 0.5772114658795129 0.08085876896634615 0.1106488417548077
0 0.6675834023679333 0.7099143730245702 0.0655381601201923 0.04766411644230769
0 0.4823784185388835 0.162337240066857 0.03811273435096154 0.045203475625
0 0.4729876126785551 0.3437905524824623 0.06775554855769231 0.07364733540865384
0 0.454831892330315 0.5332554040380859 0.07659322882211538 0.0284769696875
0 0.3433683028227857 0.021180996280914913 0.06775554855769231 0.04517036572115385
0 0.22701141403958833 0.1989330890484582 0.0726653709375 0.05891786831730769
