0 0.8436102706510893 0.5390774579582044 0.03687391170673077 0.09833043122596154
0 0.6777367597203219 0.35780288510464825 0.08603912730769231 0.11676738706730769
0 0.6746565471458662 0.631247464047245 0.07989347536057692 0.08603912730769231
0 0.5486632961098719 0.41312852589060794 0.07374782341346155 0.12905869098557693
0 0.5425028709609608 0.5237207145230446 0.06145651951923077 0.10447608317307691
0 0.5118189300735891 0.6497287395060269 0.09833043122596154 0.12291303901442308
0 0.3612430713452872 0.30557223013102675 0.09218477927884615 0.12291303901442308
0 0.27219759750820566 0.15801749058102582 0.1474956468269231 0.07374782341346155
0 0.18301916485490255 0.1856950840856717 0.09218477927884615 0.09218477927884615
0 0.10933043421259597 0.05968705933102585 0.1413499948798077 0.07374782341346155
0 0.03556783766945381 0.12730400395109107 0.12905869098557693 0.08603912730769231
