0 0.8814737680697579 0.7833636457638569 0.07946855403846155 0.05960141552884615
0 0.8771770813187927 0.7318317629559796 0.12044452723557691 0.058359719375
0 0.8409837178208791 0.6502265668127369 0.06782276697115384 0.09525801819711538
0 0.75621884535032 0.43443309359204546 0.07912656146634614 0.07818457858173077
0 0.7020967210310248 0.32231222328766407 0.11397992781249999 0.057460955336538465
0 0.6752083181868582 0.31809028324334326 0.07912656146634614 0.07159069846153845
0 0.5611944247178081 0.19753911927399223 0.050867075216346154 0.09043035596153846
0 0.5005010640733923 0.37741935365170803 0.1045600990625 0.05840293822115385
0 0.4152243232269615 0.761665303996192 0.08567703483173077 0.08567703483173077
0 0.3445013695150125 0.8460797487483531 0.13037809649038462 0.06829328862980769
0 0.2116070474651846 0.36053177864653646 0.10306078103365385 0.03104240391826923
0 0.19007355147472507 0.20178370304126997 0.06782276697115384 0.09514027033653846
0 0.12587628531174916 0.8305928725964427 0.058359719375 0.09685230024038462
0 0.12534349030365882 0.6753301104458094 0.13161979264423077 0.05463463091346154
0 0.03132566105361848 0.28988740672137936 0.04804112661057692 0.1186898421875
0 0.05542208115286414 0.6289446318010357 0.1111539791826923 0.07159069846153845
