0 0.5422435248904398 0.5457789588963686 0.062298068846153846 0.10183338177884615
0 0.47156493879567846 0.22886143682348475 0.0670902280048077 0.07188238713942308
0 0.47877621697664313 0.395371687439557 0.08625886456730769 0.05750590971153846
0 0.37140467002689864 0.5898695010768766 0.0846559123798077 0.06186393596153846
0 0.28704252282515497 0.5363661854892061 0.07900801052884615 0.05267200701923077
0 0.012661672109692844 0.8238833839648726 0.039504005264423075 0.06584000877403846
0 0.5422435248904398 0.5457789588963686 0.062298068846153846 0.10183338177884615
0 0.47156493879567846 0.22886143682348475 0.0670902280048077 0.07188238713942308
0 0.47877621697664313 0.395371687439557 0.08625886456730769 0.05750590971153846
0 0.37140467002689864 0.5898695010768766 0.0846559123798077 0.06186393596153846
0 0.28704252282515497 0.5363661854892061 0.07900801052884615 0.05267200701923077
0 0.012661672109692844 0.8238833839648726 0.039504005264423075 0.06584000877403846
