0 0.7947213616429939 0.698258608180069 0.07152214697115385 0.051495945817307695
0 0.6214216277348373 0.6210215666317261 0.061713395384615385 0.05721771759615384
0 0.7947213616429939 0.698258608180069 0.07152214697115385 0.051495945817307695
0 0.6214216277348373 0.6210215666317261 0.061713395384615385 0.05721771759615384
0 0.8119664657188713 0.7448768193106854 0.09800410810096155 0.07840328649038461
0 0.7574991078443684 0.6453732710240903 0.05462373651442308 0.05874512204326923
0 0.7486913855178093 0.6934117050776336 0.046061930817307695 0.06762283459134616
0 0.7107230383584214 0.5623520909691951 0.03297108420673077 0.051178996370192305
0 0.6886279641537131 0.4552924776181699 0.07430796588942308 0.02903423831730769
0 0.6580724565385482 0.5192674059612787 0.03690793007211539 0.030018449783653846
0 0.5695123513985357 0.44667293797569596 0.05265531358173077 0.022636863778846158
0 0.42384663902222397 0.7051698422625337 0.07840328649038461 0.06566275242788461
