0 0.34992692073181525 0.793518471563569 0.054600558870192314 0.11830121088942308
0 0.35813669226747424 0.8926722988992869 0.07098072653846153 0.08736089420673077
0 0.3645833207434589 0.8481102803682332 0.1346813785576923 0.1110211363701923
0 0.17088290427575475 0.3723938549511429 0.07657018742788461 0.06180966935096154
0 0.7858474821743826 0.5373643728866667 0.07892034908653846 0.06004809170673077
0 0.7489257417225059 0.3486417990885898 0.049754133124999995 0.06004809170673077
0 0.7540562696074102 0.22232944470480664 0.09163543336538461 0.11168068439903847
0 0.7046917411089475 0.10985197540027505 0.11883970264423074 0.044385913028846154
0 0.6717251766257746 0.3083464776070753 0.05318545264423077 0.07892034908653846
0 0.5825232414437813 0.19680384797106143 0.06347941122596154 0.05833243192307692
0 0.5235221150771427 0.16571296848170533 0.0801810041826923 0.06156755677884615
0 0.5019985855990547 0.36492200810555525 0.15612503841346154 0.04460715382211538
0 0.47366751644352134 0.46959375037490764 0.13725278100961538 0.05833243192307692
0 0.36291466783858994 0.49019403995252986 0.06004809170673077 0.06862639050480769
0 0.3251742770207044 0.5382077682612564 0.06347941122596154 0.04803847336538462
0 0.3191839025595762 0.7055031539437813 0.0754890295673077 0.06347941122596154
0 0.3363858663393641 0.6300182484624343 0.11323354435096154 0.0669107307451923
0 0.26508906790322223 0.2259370704035111 0.03259753548076923 0.030881875721153845
0 0.2728280956651027 0.36328058354001 0.04803847336538462 0.10637090528846153
0 0.31067159062736915 0.6634715519242614 0.13039014197115384 0.06519507098557692
0 0.28487895577957445 0.2568436913856786 0.08235166860576923 0.05146979288461539
0 0.265126185434166 0.21309642951038968 0.06347941122596154 0.05318545264423077
0 0.26942564528849056 0.4661995484346976 0.07205771002403846 0.08921430766826922
0 0.21456165055981882 0.6292160951855179 0.10293958576923078 0.11323354435096154
0 0.15483783906865412 0.061218837145577125 0.0844764151201923 0.0844764151201923
0 0.1298002053308178 0.21009199795938888 0.10022625524038462 0.055840342211538455
0 0.057642706993285546 0.4575717593670256 0.15612503841346154 0.04803847336538462
0 0.34992692073181525 0.793518471563569 0.054600558870192314 0.11830121088942308
0 0.35813669226747424 0.8926722988992869 0.07098072653846153 0.08736089420673077
0 0.3645833207434589 0.8481102803682332 0.1346813785576923 0.1110211363701923
0 0.17088290427575475 0.3723938549511429 0.07657018742788461 0.06180966935096154
