0 0.9301797752355021 0.06672173412248059 0.054082765937500006 0.06787938990384615
0 0.8884907554476007 0.14430054870469672 0.034767492403846155 0.10264688230769231
0 0.8292030804507792 0.12682991036384145 0.06622379504807693 0.030352572716346154
0 0.8204143655919183 0.28029479972335547 0.10043942247596155 0.06898311983173076
0 0.7270868374115029 0.20140596930060203 0.04856411637019231 0.09216144810096154
0 0.5961389668315747 0.11228972785153374 0.1484516738701923 0.10043942247596155
0 0.42419825344691897 0.37229175599421566 0.06208480783653846 0.1043024771875
0 0.3794882371285019 0.3667294945214554 0.05463463091346154 0.12541131185096155
0 0.27828552306782195 0.3586480225465745 0.05090954242788462 0.11671943875
0 0.14110943875208024 0.35367526823814277 0.07698516173076923 0.11175265413461538
0 0.11537703247515253 0.04184535982277405 0.07560549932692308 0.03256003254807693
0 0.03309381252522306 0.2617599041117617 0.08691873098557693 0.08691873098557693
0 0.5705396076425839 0.08418242938632574 0.06829328862980769 0.07450176942307693
