0 0.7804360229163105 0.08147303429401467 0.0768823363701923 0.04779172262019231
0 0.7638228049402792 0.04095646255241067 0.08519394031250001 0.04986962360576923
0 0.6651250055544448 0.009802932811893195 0.08727184129807693 0.062337029495192306
0 0.6630620895158508 0.10748425862662973 0.09973924718749999 0.07896023735576924
0 0.5474813665953506 0.19302125641182635 0.08582055733173077 0.08470600463942309
0 0.5301910641919669 0.16904631716395285 0.07356047771634616 0.07467503040865385
0 0.44775167384988124 0.20024575486088333 0.10476795310096154 0.0679877142548077
0 0.3149812075173355 0.1594267884199625 0.07272653442307692 0.07480443540865385
0 0.2183812892346989 0.1936846823973456 0.09142764326923078 0.051947524591346154
0 0.18249617076833508 0.2208475647827584 0.1114552692548077 0.05349852925480769
