0 0.8518210829836295 0.7234037850172197 0.048497652379807694 0.07733409432692308
0 0.7307597296139107 0.6168559615434309 0.04949114877403846 0.08121624413461538
0 0.7424256676385677 0.8904909900117014 0.09175231528846153 0.04980839973557692
0 0.6444708912645332 0.16950676963225775 0.061888982091346155 0.07662445403846153
0 0.6243423847057022 0.6240530005367888 0.03690129514423077 0.023418129608173077
0 0.6193902549283469 0.6007269875012713 0.04967482038461538 0.1000592810576923
0 0.5906669381766597 0.09068439228891224 0.045679962980769234 0.086939284375
0 0.568645004913872 0.6464228753307023 0.04470733834134615 0.03690129514423077
0 0.40401107586342005 0.8122794983491761 0.06598819836538462 0.07867823651442309
0 0.32989513296874995 0.27558799867366646 0.08399219000000001 0.06483607649038461
0 0.29305291113654 0.14520918070766123 0.08104509560096154 0.08988637877403846
0 0.2834801175112969 0.3427114810636442 0.08629225939903845 0.048222144951923084
0 0.2574304586318014 0.8966789288019485 0.05710517165865384 0.08756126322115385
0 0.24095171187193762 0.807191281137031 0.07233321745192309 0.06852620600961538
0 0.2355810284990696 0.0891400016906955 0.07809800122596154 0.027997396658653844
0 0.08993720755986495 0.5368446608099977 0.0697952098076923 0.027918083918269228
