0 0.8796237035651463 0.7031397718165218 0.09656534620192307 0.03511467134615385
0 0.8357303646228389 0.1018748838536079 0.09656534620192307 0.09656534620192307
0 0.761143342343403 0.5890381924603598 0.12290134971153846 0.05267200701923077
0 0.7369439737339069 0.14359993435792454 0.07461867661057692 0.11851201579326923
0 0.7106607266656171 0.46394745140737687 0.11851201579326923 0.0570613409375
0 0.6448418215883011 0.6789931595041201 0.13606935146634616 0.030725337427884615
0 0.5942642439026674 0.33670952429101 0.05267200701923077 0.1009546801201923
0 0.5701281816958381 0.4705789331324543 0.0570613409375 0.09656534620192307
0 0.48016266334458224 0.0272984124008991 0.0702293426923077 0.13168001754807693
0 0.4736155932813944 0.7273074865035305 0.1009546801201923 0.0570613409375
0 0.449416224671898 0.8787764361518815 0.05267200701923077 0.08778667836538462
0 0.4648580271463863 0.4486217121134196 0.11851201579326923 0.08778667836538462
0 0.3967336656720949 0.85031434909772 0.04389333918269231 0.1448480193028846
0 0.4319432983530188 0.3476564807578472 0.12290134971153846 0.07900801052884615
0 0.34195667738677066 0.051360614493718794 0.11851201579326923 0.06584000877403846
0 0.30021052450784724 0.3608350337480353 0.07900801052884615 0.08778667836538462
0 0.27612722004042023 0.5187877472972906 0.1272906836298077 0.03511467134615385
0 0.2058029157248812 0.8524615354014883 0.048282673100961536 0.10534401403846154
0 0.14658383724823218 0.6614885802242915 0.07900801052884615 0.07461867661057692
0 0.06755472429670135 0.3784134721803347 0.06145067485576923 0.10534401403846154
0 0.030261212916599427 0.7536751440317873 0.07461867661057692 0.08339734444711538
0 0.030324520521189502 0.42225405482554773 0.1272906836298077 0.06145067485576923
