0 0.8637260131987043 0.5176499092165543 0.10739999132211539 0.11920218817307693
0 0.7445124768195266 0.34236033353865214 0.09795823384615385 0.09677801415865385
0 0.6938140973828121 0.03379955686220076 0.1404461425 0.15224833935096155
0 0.6601140024479357 0.48636699330499916 0.0873362566826923 0.11330108975961539
0 0.87910286867254 0.7591089411255025 0.08340226555288462 0.16084722641826923
0 0.7644712945624825 0.5058876910492844 0.12212474598557692 0.13106070300480768
0 0.7555782973366139 0.40902778817053453 0.15786857406250002 0.08638091788461538
0 0.6631183515558546 0.4180783088855632 0.05659439447115385 0.18169779278846152
0 0.5902093906117094 0.5147377253928206 0.1131887889423077 0.059573046826923076
0 0.5902738334868769 0.7217862840839958 0.1668045310817308 0.08638091788461538
0 0.5574871770517352 0.8751761392798865 0.14893261704326924 0.0774449608653846
0 0.47553485699675263 0.7099647574984973 0.11616744129807693 0.16382587875
0 0.26251467293373243 0.6414414333285758 0.0774449608653846 0.15191126937500002
0 0.05258054485654942 0.4254783981398508 0.12808205064903846 0.14297531235576924
