0 0.7856999460909477 0.8479884158678692 0.10553635766826923 0.0957190220673077
0 0.7377241094826239 0.407758598971258 0.11734783954326923 0.15876472408653844
0 0.7157366814521312 0.5546748655586053 0.09326468817307693 0.07853868475961538
0 0.25208128602021895 0.9074857480010228 0.15571777882211538 0.05662464685096154
0 0.14292333174934707 0.12139413946063707 0.11044502545673077 0.24389943125000002
0 0.7856999460909477 0.8479884158678692 0.10553635766826923 0.0957190220673077
0 0.7377241094826239 0.407758598971258 0.11734783954326923 0.15876472408653844
0 0.7157366814521312 0.5546748655586053 0.09326468817307693 0.07853868475961538
0 0.25208128602021895 0.9074857480010228 0.15571777882211538 0.05662464685096154
0 0.14292333174934707 0.12139413946063707 0.11044502545673077 0.24389943125000002
