0 0.8016317823877532 0.5323714694890095 0.07461867661057692 0.06145067485576923
0 0.7752746761669921 0.16809895933437735 0.0570613409375 0.09656534620192307
0 0.7643066170851631 0.41606994753198384 0.06145067485576923 0.07461867661057692
0 0.7336762413526257 0.036334531566718224 0.1404586853846154 0.026336003509615385
0 0.6633519370370865 0.2823166028446572 0.06145067485576923 0.1755733567548077
0 0.5843755803826508 0.3634717994729161 0.08778667836538462 0.13606935146634616
0 0.5428087992624353 0.007893547127548198 0.19752002634615387 0.1009546801201923
0 0.542851004252034 0.33709359087754837 0.23263469769230768 0.1009546801201923
0 0.4175492375178556 0.06282880430415588 0.06145067485576923 0.1580160210576923
0 0.30346876077668505 0.28669538541934425 0.09656534620192307 0.16679468889423077
0 0.2178925763196595 0.44470085526569425 0.10973334795673077 0.1580160210576923
