0 0.30162772294783174 0.7267296601669114 0.06511993259615384 0.03306088887019231
0 0.29413435496345125 0.7407795744365407 0.08215129959134616 0.053097791201923074
0 0.23352152129143192 0.7673754315754439 0.08114945447115383 0.09216975076923076
0 0.16023290633641715 0.860418129172609 0.07346864189903847 0.10908980161057692
0 0.09832587920898421 0.6095924719397477 0.15079856187500001 0.04383072387019231
0 0.014576218311760241 0.7803560689501665 0.04608487538461538 0.05610332653846154
0 0.30162772294783174 0.7267296601669114 0.06511993259615384 0.03306088887019231
0 0.29413435496345125 0.7407795744365407 0.08215129959134616 0.053097791201923074
0 0.23352152129143192 0.7673754315754439 0.08114945447115383 0.09216975076923076
0 0.16023290633641715 0.860418129172609 0.07346864189903847 0.10908980161057692
0 0.09832587920898421 0.6095924719397477 0.15079856187500001 0.04383072387019231
0 0.014576218311760241 0.7803560689501665 0.04608487538461538 0.05610332653846154
