0 0.9344437715387505 0.36366492876878015 0.05229666024038461 0.079362475625
0 0.9006903485986181 0.36275847079121804 0.02247838905048077 0.08853732829326924
0 0.891125123720703 0.32809087101311124 0.079362475625 0.06147151290865385
0 0.8326128316438035 0.37605428799452206 0.060554027644230776 0.08211493144230769
0 0.8160958913667252 0.3480853231248845 0.05871905711538462 0.09404223990384615
0 0.7764163075180576 0.32676206132142166 0.06009528502403846 0.10092337942307691
0 0.3793606734806944 0.696867618102782 0.09711998593750001 0.02487219151442308
0 0.3597911898973166 0.6959900021839752 0.07461657456730769 0.03375511706730769
0 0.3666192272241354 0.6169355236324948 0.08942145048076923 0.036716092235576925
0 0.3088168632959561 0.6607764625639386 0.036716092235576925 0.052113163197115384
0 0.30499820199374783 0.5864680856475937 0.06218047879807693 0.06218047879807693
0 0.31895393271129013 0.6202046964878135 0.09475120579326922 0.04678340786057692
