0 0.8846864361227001 0.5538307885728897 0.11428455408653847 0.05918307264423077
0 0.7040048912998103 0.8507886254965448 0.05510148144230769 0.07755023312499999
0 0.6999183944954525 0.7548712317465445 0.051019890216346155 0.07755023312499999
0 0.7132252647662897 0.23955317047340166 0.08571341555288461 0.0632646638701923
0 0.6295575505129556 0.3375506056894299 0.08979500677884615 0.09591739360576924
0 0.6152425468743644 0.8324214649196213 0.06530545947115385 0.07755023312499999
0 0.5937921169218636 0.6467384990870586 0.04693829899038461 0.10203978043269231
0 0.47440312104974686 0.5916615465462914 0.044897503389423075 0.12244773651442308
0 0.446923513709175 0.822163523677567 0.10408057603365384 0.032652729735576924
0 0.35197991322051825 0.4048625206310962 0.06530545947115385 0.06734625507211539
0 0.3438412597182125 0.5630119157776964 0.08571341555288461 0.057142277043269234
0 0.3182945213478874 0.8160509482838502 0.05510148144230769 0.04081591216346154
0 0.21630870417648043 0.9323762980434653 0.09999898483173077 0.04081591216346154
