0 0.9104053567124226 0.6742741927786956 0.06576453473557692 0.101312931875
0 0.8846178144419726 0.6102956232227427 0.053322595721153845 0.10842261132211539
0 0.8372285964923203 0.2184563527498904 0.15163613161057693 0.04165827790865385
0 0.7762550200381377 0.4138885925979165 0.10309035173076923 0.10664519146634616
0 0.7433107994421461 0.5223282943272987 0.05154517586538462 0.1208645503125
0 0.7638579544622262 0.11765733992274184 0.10831152257211539 0.053322595721153845
0 0.7071946853462753 0.028550683905267514 0.10164619810096154 0.0883155491826923
0 0.6447172824323051 0.08517389710492576 0.10997785367788461 0.061654251298076924
0 0.5958832221746717 0.9523613565110136 0.13330648932692307 0.03554839716346154
0 0.5061000196645304 0.6716016540292158 0.11375487088942307 0.0959806723076923
0 0.4919191146734584 0.8075165922790309 0.1457484283173077 0.04799033615384615
0 0.46474150521273455 0.3692893608469514 0.09997986699519232 0.06665324466346154
0 0.41304117893320663 0.21441670150029465 0.06332058242788462 0.1466371382451923
0 0.44481962486559284 0.9319573456547303 0.14752584817307693 0.06576453473557692
0 0.36969654172025224 0.14359162070300957 0.04665727125 0.14163814490384616
0 0.22815052571228384 0.057737514884228194 0.12330850262019231 0.10997785367788461
0 0.16478840791347896 0.5036675223078946 0.07465163401442308 0.12264197016826922
0 0.153924687489541 0.3077032047988223 0.061654251298076924 0.12330850262019231
0 0.16485677039599891 0.8680300478855106 0.13152906947115384 0.1155322907451923
0 0.11059206718371527 0.33187902562552024 0.05498892685096154 0.1349728204326923
0 0.11731747567348158 0.2177093076152805 0.10497886033653847 0.11331051591346154
0 0.9104053567124226 0.6742741927786956 0.06576453473557692 0.101312931875
0 0.8846178144419726 0.6102956232227427 0.053322595721153845 0.10842261132211539
0 0.8372285964923203 0.2184563527498904 0.15163613161057693 0.04165827790865385
0 0.7762550200381377 0.4138885925979165 0.10309035173076923 0.10664519146634616
0 0.7433107994421461 0.5223282943272987 0.05154517586538462 0.1208645503125
0 0.7638579544622262 0.11765733992274184 0.10831152257211539 0.053322595721153845
0 0.7071946853462753 0.028550683905267514 0.10164619810096154 0.0883155491826923
0 0.6447172824323051 0.08517389710492576 0.10997785367788461 0.061654251298076924
0 0.5958832221746717 0.9523613565110136 0.13330648932692307 0.03554839716346154
0 0.5061000196645304 0.6716016540292158 0.11375487088942307 0.0959806723076923
0 0.4919191146734584 0.8075165922790309 0.1457484283173077 0.04799033615384615
0 0.46474150521273455 0.3692893608469514 0.09997986699519232 0.06665324466346154
0 0.41304117893320663 0.21441670150029465 0.06332058242788462 0.1466371382451923
0 0.44481962486559284 0.9319573456547303 0.14752584817307693 0.06576453473557692
0 0.36969654172025224 0.14359162070300957 0.04665727125 0.14163814490384616
0 0.22815052571228384 0.057737514884228194 0.12330850262019231 0.10997785367788461
0 0.16478840791347896 0.5036675223078946 0.07465163401442308 0.12264197016826922
0 0.153924687489541 0.3077032047988223 0.061654251298076924 0.12330850262019231
0 0.16485677039599891 0.8680300478855106 0.13152906947115384 0.1155322907451923
0 0.11059206718371527 0.33187902562552024 0.05498892685096154 0.1349728204326923
0 0.11731747567348158 0.2177093076152805 0.10497886033653847 0.11331051591346154
