0 0.9576659602406736 0.06725861174634223 0.04042546024038462 0.05425522295673077
0 0.7413349778598547 0.6886378942821398 0.07315498939903846 0.05096190274038462
0 0.7179119058508807 0.7297322512716693 0.07562088793269231 0.04767403802884615
0 0.6973331132725247 0.7938890819827686 0.05096190274038462 0.08384054966346154
0 0.6011324578776522 0.5159900135764436 0.06445160420673077 0.06157108560096154
0 0.5203330809222451 0.48904781564484906 0.0676194473076923 0.060374506514423075
0 0.532991251603036 0.9228883741598671 0.09370414372596153 0.042742241009615385
0 0.454039029557831 0.726472048919338 0.05753763211538462 0.07068909088942307
0 0.4212956692009812 0.3574430017999666 0.04829960521634616 0.07003442757211539
0 0.4299387267135204 0.2192762254191996 0.07526991564903845 0.09228297877403846
0 0.39943936295014315 0.5448440044759502 0.037626774519230764 0.07494258399038461
0 0.3935088830936518 0.42085800343692203 0.03622470391826923 0.08814677951923076
0 0.4179238907369291 0.8168843761132235 0.100279873125 0.06740122620192308
0 0.2705157948020004 0.05501965337659776 0.09558084526442306 0.02291321632932692
0 0.21813276201894188 0.8070444925292679 0.055893699759615396 0.08712841435096154
0 0.1985295820652273 0.025960312939221988 0.11783939826923076 0.0837969054326923
0 0.15448969499956638 0.46913438762912024 0.08935426963942308 0.06882693742788462
0 0.11693193627331605 0.1709973528706893 0.041243789399038465 0.10801944841346155
0 0.11206838572774129 0.09663405136915212 0.07986892548076924 0.05891969913461538
0 0.07056187442186337 0.32065083569809766 0.08331681899038462 0.10022168081730769
0 0.061994754798071074 0.7914646771140845 0.0854844819951923 0.11836312891826924
0 0.0560719926910943 0.2372701591287213 0.08331681899038462 0.047092115096153846
0 0.024148745192018723 0.6303158377611872 0.055893699759615396 0.0821966173076923
