0 0.7159027090369884 0.6641261316772605 0.06039038877403846 0.07671211548076923
0 0.7129989086452366 0.2393675638174059 0.05994373283653846 0.07043388608173076
0 0.6800406628398613 0.3907218868502682 0.06893529276442308 0.06743669942307692
0 0.5451996852674567 0.5375768276516273 0.09590997252403846 0.06144232615384615
0 0.4874691582149999 0.8396455080026985 0.11914860487980769 0.12730946824519232
0 0.33070603547288163 0.61356016707716 0.0571260434375 0.10282687819711539
0 0.24827543065556817 0.8624056849824913 0.05222952543269231 0.05222952543269231
0 0.18300029413634863 0.803698474260615 0.062022561442307694 0.09466601483173077
0 0.20594095201232526 0.61024089268442 0.1371025042548077 0.0571260434375
0 0.09405669248174015 0.7000025426715919 0.07018342480769231 0.05059735276442308
0 0.027943890530579572 0.6657229931459472 0.062022561442307694 0.04733300742788461
