0 0.8480057923114483 0.3096608608386881 0.12325870312500001 0.060088617788461536
0 0.8025189608066469 0.2750258317814751 0.09398476112980769 0.08628109218749999
0 0.6746047230443906 0.14098199211801374 0.0662515529326923 0.08628109218749999
0 0.5082091773443567 0.2480278055651347 0.06933302050480769 0.05700715019230769
0 0.44809092993975924 0.17875034030513262 0.044681279879807696 0.1032291638701923
0 0.381081973132714 0.17560590994597164 0.05546641641826923 0.050844215048076916
0 0.3959267323486043 0.8385252369350383 0.08880539403846154 0.06862234995192308
0 0.32715999474037294 0.28039432616939003 0.05854788399038462 0.0662515529326923
0 0.2959745738945483 0.7921381972015413 0.05045761026442308 0.09687861168269231
0 0.2528998806276 0.39430270244961185 0.03902434216346154 0.07982251807692307
0 0.24053847600874836 0.17165458848803272 0.08514401927884616 0.053215012043269234
0 0.19973603691325334 0.4465689693266342 0.08159635182692308 0.028381339759615383
0 0.14914979650936747 0.4270994385029701 0.05498884579326923 0.06385801447115384
