0 0.8585923112033389 0.06096472418936668 0.06797519117788461 0.027584135552884616
0 0.8147496862477175 0.06398884346402314 0.06501974810096153 0.08472270206730768
0 0.630147210464936 0.12913523712338792 0.042453186826923076 0.053774036658653844
0 0.43686274932934993 0.21260042483311767 0.13679360201923077 0.032075741153846156
0 0.2070497246843797 0.3947318533298759 0.05849105740384616 0.07735914045673077
0 0.13252079679976422 0.37962831576590805 0.05849105740384616 0.06981190723557693
0 0.11929272833253395 0.5436505053352093 0.04150978266826923 0.06578769889423076
0 0.1289975936006268 0.7744551597500517 0.053197975721153846 0.058847182043269226
0 0.15678243366875413 0.4627153611850789 0.10991493240384614 0.04698653598557692
0 0.12529504022934812 0.40232830375340944 0.0906168908173077 0.06712362283653847
0 0.0002046828117775731 0.45617362540437784 0.10834954939903846 0.1238280564423077
0 0.8551418337031075 0.09991238642991275 0.04339659098557692 0.07264211968749999
0 0.7640908600905199 0.3220443775413161 0.033019145312500005 0.039622974375
0 0.7395736912341669 0.25081849813525664 0.042453186826923076 0.04056637853365385
