0 0.662784137270739 0.5425800903014921 0.04597355925480769 0.05385474084134615
0 0.6575584331418446 0.6456811647704211 0.06961710401442309 0.04466002899038461
0 0.6043033610761834 0.7337192676613931 0.028914015384615386 0.07093063427884615
0 0.5623132803985997 0.32060610564057296 0.05779533163461538 0.06436298295673076
0 0.5714117983394679 0.10553709236512457 0.1082911084375 0.023843913783653845
0 0.5684408632568357 0.10306648662773893 0.1162390796875 0.03477237427884615
0 0.4776196382636837 0.4865803383238375 0.04608487538461538 0.07056746543269231
0 0.3328895199909281 0.8638656363441315 0.050405332451923086 0.04176441831730769
0 0.3184845345766112 0.6061164456131539 0.04752502774038462 0.07344777014423078
0 0.2921891559246429 0.29777506495379813 0.06656425930288462 0.020863424560096155
0 0.24839464640642325 0.8903428706743195 0.03331135014423077 0.07851961103365385
0 0.11883239151942118 0.1577159537051878 0.07351873415865384 0.040733352716346156
0 0.10591216170496848 0.08420677222832482 0.06954474853365385 0.048681323966346154
0 0.662784137270739 0.5425800903014921 0.04597355925480769 0.05385474084134615
0 0.6575584331418446 0.6456811647704211 0.06961710401442309 0.04466002899038461
0 0.6043033610761834 0.7337192676613931 0.028914015384615386 0.07093063427884615
0 0.5623132803985997 0.32060610564057296 0.05779533163461538 0.06436298295673076
0 0.5714117983394679 0.10553709236512457 0.1082911084375 0.023843913783653845
0 0.5684408632568357 0.10306648662773893 0.1162390796875 0.03477237427884615
0 0.4776196382636837 0.4865803383238375 0.04608487538461538 0.07056746543269231
0 0.3328895199909281 0.8638656363441315 0.050405332451923086 0.04176441831730769
0 0.3184845345766112 0.6061164456131539 0.04752502774038462 0.07344777014423078
0 0.2921891559246429 0.29777506495379813 0.06656425930288462 0.020863424560096155
0 0.24839464640642325 0.8903428706743195 0.03331135014423077 0.07851961103365385
0 0.11883239151942118 0.1577159537051878 0.07351873415865384 0.040733352716346156
0 0.10591216170496848 0.08420677222832482 0.06954474853365385 0.048681323966346154
