0 0.7067944068178509 0.3017290167194723 0.08310305245192308 0.04847678060096154
0 0.6894563000592873 0.6193180430881333 0.06232728932692307 0.06232728932692307
0 0.6359312644556384 0.803703768495689 0.09497491709134616 0.07213284841346154
0 0.5898802857104057 0.10318075954994356 0.0710809110576923 0.07861979555288462
0 0.5877677412777368 0.013734173162877965 0.10554438307692307 0.031232521514423076
0 0.50046217725245 0.09131581882997415 0.04738727403846154 0.06354202653846154
0 0.4287544807724091 0.3467610064319643 0.049466102644230764 0.06331661139423077
0 0.3303514201829175 0.33585706036592194 0.0781564421875 0.04550881444711538
0 0.6572034045463317 0.8527782122416444 0.08077376254807692 0.07538884504807693
0 0.5704635158978598 0.8974846777242337 0.04523330701923077 0.0850816965625
0 0.3534759349802086 0.8183199181118539 0.06569599353365384 0.0796967790625
