0 0.7263326667932348 0.632821877867771 0.15210235197115385 0.07605117598557692
0 0.5656472860060905 0.19648630090782782 0.0954925370673077 0.10931382531249999
0 0.5905465824189282 0.7699888705401722 0.16839903254807692 0.07876728942307692
0 0.5115225189857332 0.5246711489769498 0.0763197261298077 0.04871471882211539
0 0.5198204721566428 0.2868925072539526 0.12439159432692308 0.05905459528846154
0 0.4776940279951869 0.5839253071984791 0.0570383819951923 0.07061894913461539
0 0.40354012636606057 0.06646017584744253 0.0779018065625 0.12564807507211537
0 0.2558634700952295 0.893020927546488 0.13420271923076924 0.07116810867788462
0 0.19805568740598434 0.020612220158474685 0.036437941778846156 0.13695640185096153
0 0.05176478129336745 0.1914060109715063 0.11057030608173077 0.06408051829326923
