0 0.6955752506206081 0.13083336513697855 0.04265251634615385 0.06255702396634616
0 0.6896002973361222 0.033686362722124594 0.09102578365384616 0.040051344807692305
0 0.5932160466568623 0.14219369901396076 0.04833951850961538 0.051183019615384615
0 0.30786189765596134 0.5564142021305237 0.10739074975961538 0.05857677259615384
0 0.7972903229952734 0.716963528463821 0.0701041120673077 0.05192897189903846
0 0.7024731379364483 0.11472476670681742 0.031157383125 0.16617271007211537
0 0.2728389148653902 0.14835376915417542 0.0960685980048077 0.06231476627403846
0 0.15748218244730022 0.9634586942121626 0.08653539615384614 0.03054190451923077
0 0.09646585704638988 0.7351305446243992 0.07464114259615384 0.0473334075
0 0.07653862231167921 0.8574137954306409 0.13295434331730768 0.04431702829326923
