0 0.820821592935292 0.08027649608753812 0.07921426216346153 0.12504069483173078
0 0.6533275019701716 0.1963073694666177 0.1062009391826923 0.08001440622596154
0 0.6176375111535576 0.2967257991362332 0.06692113975961539 0.11056536134615384
0 0.5431232206948331 0.21988241838852748 0.10401872810096154 0.025459129254807693
0 0.48434091378426636 0.6156466578766988 0.13019616850961538 0.07635829341346154
0 0.31583987822392723 0.4336079506061624 0.1379375623076923 0.05137470432692307
0 0.1589683737534961 0.09070356587176977 0.10496435290865384 0.1172574753125
0 0.5127256844804284 0.14849730359424146 0.04367331771634615 0.13323126040865385
0 0.19037754700646065 0.024929804544338293 0.07649740937499999 0.13756113088942307
0 0.08944319640977524 0.08922608337145228 0.1227984729326923 0.03556458504807692
