0 0.9476811773925982 0.47973304262218625 0.01754421964182692 0.08248861165865384
0 0.9401001056380301 0.1382744687671042 0.050283620841346154 0.07621605423076923
0 0.8946419199606978 0.49080571893936076 0.019761346300480768 0.08199753754807691
0 0.8865072803485871 0.7211824392277641 0.06892372002403846 0.047234437500000004
0 0.8506348049128024 0.6929695719349518 0.09832474745192309 0.03325689987980769
0 0.6572966342901148 0.7426625915391548 0.046270469375000005 0.07374356057692308
0 0.629824700045072 0.7460237351338292 0.047234437500000004 0.06313991134615385
0 0.6296063018457608 0.6433564968977095 0.06603181567307692 0.05928403889423077
0 0.5970812387270596 0.38106463750502717 0.06285072091346154 0.04280018418269231
0 0.5477655288461535 0.07596717716346141 0.0 0.0
0 0.570881696381836 0.13196786214936201 0.0798165596875 0.03663078826923077
0 0.5534539805814878 0.6900985227114056 0.06699578379807693 0.05060832588942307
0 0.5211552552082276 0.5804859635067842 0.06217594324519231 0.08290125764423076
0 0.48154298129709416 0.21855245221257832 0.039705339182692305 0.043632240865384614
0 0.47584991229729084 0.7467716215694343 0.06313991134615385 0.08386522576923078
0 0.44376628114500505 0.3716265554589265 0.026219932644230767 0.050126341826923076
0 0.38789382834958036 0.8188723404435271 0.047031496850961536 0.06427637901442308
0 0.38719360182412055 0.05337871144294334 0.06525556766826923 0.07078570052884615
0 0.35106567911389974 0.6464411054209909 0.058005512764423076 0.07890840026442307
0 0.2789632789260992 0.7501811059291502 0.06845695651442307 0.08674698305288463
0 0.19250367928260229 0.211826987764192 0.04092298312499999 0.07908089980769231
0 0.069214950669928 0.22122289627828556 0.0685736473798077 0.07465679353365384
