0 0.7989748615293315 0.10030100730252059 0.03643687240384615 0.1286677056971154
0 0.7415399822996022 0.5254931958167878 0.09223083326923076 0.050100699567307685
0 0.7112922222460648 0.7380798827217201 0.11006971872596154 0.042509684471153844
0 0.4854020434900264 0.8402438146533492 0.062246323701923074 0.09640589158653845
0 0.37548928288013705 0.6479078940810201 0.11386522627403847 0.05807126540865385
0 0.17966572792908073 0.22558286481425086 0.13436096699519232 0.15371805545673076
0 0.13989087276520287 0.9068499938380641 0.08084431064903846 0.09223083326923076
0 0.06406378314843171 0.09574639816790517 0.1104492694951923 0.1286677056971154
0 0.012756002760031518 0.34110543217759 0.053516656346153844 0.1115879217548077
0 0.39830278144172965 0.5080584764426543 0.09033307951923077 0.07059644028846154
0 0.3105964151540543 0.4726930945766977 0.10475600817307693 0.1330957978125
0 0.2043441348508862 0.17521527455289038 0.0835011659375 0.0895739780048077
0 0.09541580550535675 0.3144693440145676 0.08577847045673076 0.05541441012019231
0 0.03251261395736092 0.8486724069182517 0.09185128252403846 0.04326878598557692
