0 0.4191255109937532 0.5706408504262781 0.02615743680288462 0.09112913466346154
0 0.37821699165992495 0.6732047361428669 0.038814261057692305 0.1274120308653846
0 0.3681118158013587 0.4698152497026973 0.05569002673076923 0.09703565264423078
0 0.36244179131983273 0.11417263397792918 0.09850500810096154 0.022185812637019235
0 0.3180125682966492 0.16483308390989052 0.0505836528125 0.08608095302884615
0 0.3145302454789197 0.635580095059576 0.05484623846153846 0.06412790956730768
0 0.26209152086867854 0.2651641551001122 0.03993446274038462 0.12867771329326924
0 0.2286198192826313 0.7129623413371685 0.04050729314903846 0.09676742252403846
0 0.21025244970027065 0.24773655918890414 0.102942170625 0.02662297516826923
0 0.16540617604324587 0.3325236952678616 0.07720662798076924 0.057683112860576924
0 0.08198965381367908 0.11957615927647693 0.07898149298076923 0.08785581802884615
0 0.07221296347104397 0.3067924193303901 0.06655743790865384 0.061232842884615384
0 0.03485398310309977 0.6488014504518771 0.035556401778846156 0.07651377596153847
