0 0.6099397302848789 0.6216486581706501 0.03813031701923077 0.09481051798076923
0 0.014609671456147128 0.11792806099560257 0.07953346151442307 0.06099191834134616
0 0.7181451984540554 0.18313187524558508 0.05782242377403846 0.07644320432692307
0 0.7314075572752172 0.2620004457351089 0.08428353298076924 0.05586234161057692
0 0.6495234759933779 0.2796553202218647 0.04214176649038462 0.06762283459134616
0 0.3119664657188712 0.24487681931068545 0.09800410810096155 0.07840328649038461
0 0.25749910784436836 0.1453732710240902 0.05462373651442308 0.05874512204326923
0 0.24869138551780925 0.19341170507763358 0.046061930817307695 0.06762283459134616
0 0.21072303835842152 0.062352090969195126 0.03297108420673077 0.051178996370192305
0 0.15807245653854826 0.019267405961278686 0.03690793007211539 0.030018449783653846
0 0.026817901468571086 0.42224855360571134 0.05564965185096154 0.10408545995192307
